0 17 150.7203766551168 0.0
1 17 150.7203766551168 0.0
2 17 150.7203766551168 0.0
3 17 150.7203766551168 0.03534175283001626
4 17 150.7203766551168 1.3089084160678528
5 17 150.7203766551168 9.750692030962776
6 17 150.7203766551168 23.9487403420841
7 17 150.7203766551168 27.899149950812845
8 17 150.7203766551168 34.116041632259595
9 17 150.7203766551168 39.90655495138729
10 51 -98.35429104407685 44.611221089082605
11 51 -74.55173100556111 47.27698404648725
12 51 -31.989591974193118 45.58904146680645
13 15 -128.30590216307283 44.9437749226888
14 12 -140.25156883618342 42.29138024648031
15 14 -95.55200754780924 38.299034118652344
16 13 -128.51692143685085 36.61622502253606
17 13 -150.58225456196033 39.014366149902344
18 15 -148.0858601568707 37.699944559733076
19 19 -121.40197369690384 40.2546252200478
20 13 -109.48064299487356 42.77274909386268
21 12 -103.69342783022628 40.787132581075035
22 13 -139.54484671715582 40.9947630075308
23 14 -168.292270791166 41.64788327898298
24 12 -173.44648094455306 42.704380671183266
25 13 -123.29588710883382 41.98592787522536
26 12 -129.53393097627878 42.210391680399574
27 11 -121.13884746487982 43.69630258733576
28 17 -110.77314797357742 42.07571366254021
29 12 -120.64623994644884 44.00065167744955
30 12 -103.0931673716429 44.29342778523763
31 15 -139.33702648630566 44.76036809285482
32 12 -154.93982265143214 44.14802233378092
33 13 -100.42319513662281 44.8579462491549
34 15 -132.83029156761077 43.17277959187825
35 12 -115.39137495557522 45.549057960510254
36 14 -146.65303903820376 43.61400168282645
37 13 -144.86785042159448 45.51818642249474
38 14 -102.61660256861316 45.39714922223772
39 12 -124.73553955889558 45.11923853556315
40 11 -109.5439859754563 45.32768596302379
41 13 -102.96061392967547 45.58855496920072
42 15 -156.52130848325896 45.06681569417318
43 11 -105.22858816871667 47.361285816539414
44 12 -123.50036588317144 47.16316668192545
45 12 -153.67708631182398 45.608887354532875
46 17 -93.99359919334188 46.41440200805664
47 14 -143.4937414433187 45.48528371538435
48 14 -144.5784186498738 46.62644904000418
49 14 -157.56850403475906 47.159876687186106
50 14 -102.7099661087415 47.89532579694475
51 12 -108.61690669223451 46.83666388193766
52 14 -147.6844404513784 44.608685629708425
53 12 -172.53688581277748 48.66653792063395
54 12 -135.35418111357052 49.862341245015465
55 14 -109.29464711396241 47.5917660849435
56 12 -127.09167372738278 49.435742696126304
57 13 -127.56754181225506 49.31492086557242
58 13 -108.08298232522463 48.50540894728441
59 12 -180.60145958143994 46.56001567840576
60 12 -101.20098215492114 50.1732505162557
61 13 -135.93566529350892 49.99050169724684
62 13 -101.1945110104692 51.488429436316856
63 14 -148.74316141186665 50.58908299037388
64 12 -181.90039252198136 49.67954715092977
65 14 -140.38515159831496 48.58915969303676
66 13 -97.45659344357395 54.42665628286508
67 13 -173.6623520387307 53.27565970787635
68 13 -149.36707435271111 51.06217516385592
69 13 -141.3131255005961 52.96446756216196
70 11 -96.27576169313575 52.524232690984554
71 12 -153.77587150227768 50.00197251637777
72 13 -132.36272079825807 52.71348366370568
73 12 -147.51849897447408 53.51152324676514
74 11 -106.30113109754726 51.619707974520594
75 12 -157.28996967382022 55.46731948852539
76 13 -154.56033611274424 54.14933864886944
77 13 -112.07121131599438 49.49843538724459
78 13 -103.90745944545519 56.99922180175781
79 15 -132.74031105698185 54.43566741943359
80 15 -148.07549285180417 54.125956217447914
81 15 -148.01418590886374 51.6659969329834
82 14 -134.79549886163377 52.974663325718474
83 14 -160.74358070395698 54.63384396689279
84 15 -144.25381771957444 55.97417246500651
85 14 -167.63736975655587 55.59627832685198
86 15 -161.25666446941932 55.48087972005208
87 17 -139.50123523899987 51.20392047657686
88 16 -149.30834352535135 51.46963584423065
89 15 -131.66752059583348 52.17306302388509
90 14 -113.21349580393142 51.89222717285156
91 15 -157.953324162118 51.61112988789876
92 16 -148.04815764883344 59.00852131843567
93 17 -154.01532421558477 57.68115436329561
94 20 -119.48158853767461 50.412220096588136
95 26 -164.96559556860845 56.16594072488638
96 35 340.81847734042356 57.03431941441127
97 38 137.33088916610927 65.39813327789307
98 15 -51.34563031924219 52.86301981608073
99 47 175.71265022593025 65.59583712638693
100 49 1070.9162092186286 64.28538380836955
101 48 1346.3453629130734 83.8719166914622
102 46 906.8515365170344 96.78374166074006
103 45 1267.2180348455806 96.62535586886936
104 45 1767.9271116302316 96.53652284410265
105 51 2043.7416107725148 113.34756649241729
106 51 1308.3800364616297 113.86373946245979
107 48 1269.205023666163 117.27332242329915
108 49 613.1664697040761 127.94481082838409
109 44 1018.5625052171824 122.40608406066895
110 51 395.32599244236775 125.93250768324909
111 47 720.246614667485 127.1702283494016
112 23 33.40745269241083 131.90360890264097
113 44 1035.451594377832 130.26839845830744
114 27 -93.09826875456488 129.8535673353407
115 26 149.29583905105738 136.30591935377853
116 39 611.3805971949334 133.70670768542166
117 23 109.0845670210737 139.53949505349865
118 43 440.8679325969448 138.93617975989054
119 25 2.3881950560764977 140.51219146728516
120 39 160.282928199514 141.25033862774188
121 44 492.97623725807614 143.29168076948687
122 30 196.77856425077954 150.8075912475586
123 35 16.98917279549555 152.20534275599888
124 19 -65.98059114162768 148.5901971114309
125 45 -112.09033506374064 154.79080081515843
126 27 -181.43224675900746 153.69983220983434
127 16 -95.23186023136799 161.5769648551941
128 33 286.08632966028057 160.42404036088422
129 34 -105.50671882241878 158.86110395543716
130 27 85.89708152186537 162.22179102014613
131 20 -93.62353796157821 167.7554546356201
132 42 1015.2290387327585 163.69011833554222
133 28 16.45603756107647 163.77438136509485
134 39 152.66216227419744 169.97423709967197
135 40 986.6980760641095 175.10716972351074
136 39 468.057529836482 174.87159729003906
137 48 468.4676638511113 171.89837423960367
138 35 709.0898760149606 178.66992928641184
139 51 1064.225984023568 173.6083834779029
140 47 585.9546558007237 186.44354670098488
141 34 337.59963275120845 184.4238878137925
142 32 617.381810632181 183.46075248718262
143 47 1526.3234393857074 191.61528177464263
144 44 773.9502034676809 193.0588080666282
145 48 1084.3312231485736 189.53118419647217
146 50 975.2948506556836 192.32665252685547
147 51 1664.4120255058538 199.911522360409
148 65 2978.52327056162 199.72371051494892
149 46 925.2579968654591 210.37102143660834
150 50 947.2578124956062 210.98349975585938
151 51 1489.6659554443272 215.54428130505133
152 75 1858.403422793507 220.876450398763
153 53 1241.7778668950627 222.5505883558741
154 51 1690.136383677364 222.16918765797334
155 60 1899.3750097224115 226.36877009073893
156 53 1768.3001951608276 233.04959538297834
157 50 1429.0597810068384 234.9557012939453
158 51 1746.630587551951 234.55136587105545
159 51 2146.273406041422 242.78897603352866
160 47 1507.105383345506 246.25451108242603
161 47 1783.4359160480676 251.6386598627618
162 48 1249.6939889860269 247.55188369750977
163 43 1715.4991829815688 260.6227984761083
164 47 1244.7645380543026 265.61945976094995
165 63 2183.215882953042 264.05577571808345
166 51 1836.6986555729063 271.93781355315565
167 45 1542.0589842655854 268.4146982828776
168 51 1297.586251097311 273.4357907164331
169 51 1317.554597804651 280.7890011656518
170 51 1401.0284901845966 279.255506029316
171 59 1880.0602585982365 283.52012763589113
172 50 1396.4402639212783 286.6442813110352
173 51 1544.8569792679978 288.9661102294922
174 49 1362.7830481404128 291.0610335992307
175 51 1918.5409625705634 294.99953116622623
176 54 1854.5237646798207 296.5693133318866
177 51 1411.0298780092414 301.7142935360179
178 44 1477.4481859265636 300.45738983154297
179 51 1678.6818141302224 307.90411107680376
180 45 1493.0605422629446 311.0999369303385
181 52 1569.771854129108 316.8233079176683
182 51 1279.0698585699909 310.7200389188879
183 51 1785.4677203924086 318.1012280034084
184 51 1494.953976603414 320.50320314893537
185 55 1655.3907927689365 326.91220703125
186 50 1619.968401027197 327.0874877929688
187 53 1767.4279148060302 333.6014145185363
188 46 1626.710898162825 333.4643514881963
189 51 1183.3413871171233 333.80296355602786
190 69 2106.0481395089 342.4070341690727
191 54 1822.6003701389784 347.8937750922309
192 68 2409.622225380396 343.7412899241728
193 47 1328.395573373821 350.9092270871426
194 51 1838.3527264203628 356.3651601753983
195 52 1994.8802615345403 358.82300332876355
196 51 1380.8242813574752 359.3602965111826
197 52 2204.5704272494054 358.6786563579853
198 53 1855.534676179401 369.47520878629865
199 52 1417.4243731455547 371.0854580218975
200 52 1359.2004261072536 366.9845041128305
201 56 2496.72496062042 374.7590980529785
202 51 2316.359333234715 380.79591339709714
203 51 1534.5659591202768 380.5008658614813
204 54 2226.039943424452 382.5858888979311
205 51 1987.7363925626655 392.99413045247394
206 65 2782.1527719630676 388.1365403395433
207 65 3022.400581325349 403.3710651104267
208 56 2149.016781484545 403.0131737845285
209 53 2110.004020725315 410.2841267135908
210 55 2131.4283668160456 409.40171342329546
211 54 2311.0626334727326 412.7125136763961
212 53 2353.6402837230294 412.32491604787
213 49 1895.0089607482219 416.43239359952963
214 58 2696.333833827204 421.5629951213968
215 58 2252.549912358809 423.3561590786638
216 52 2472.664242796656 431.3648892916166
217 54 2514.5274125856145 429.6726531982422
218 60 2354.212809974984 438.38357594807945
219 68 2847.246015298065 444.8442423203412
220 58 3129.84305611173 447.5649929704337
221 53 2479.1111128875546 454.80135878077095
222 53 2459.546745501039 457.32063207086526
223 61 2676.6462209379224 462.5039577796811
224 58 2831.72866027124 457.2966540106412
225 56 2710.057998543101 473.48804255894254
226 52 2462.3872785924473 473.7416287935697
227 63 3935.046350855132 490.43078467959447
228 64 3413.5937297612863 480.3633494377136
229 51 2655.0119844898422 498.6287704168582
230 46 1967.228311909344 503.4525571076766
231 51 2636.627817438766 495.4035536822151
232 57 3201.551590236978 500.45695522375274
233 56 2948.968357266657 504.350953238351
234 71 4605.4142919852 509.8007167762434
235 53 3045.2045445256063 524.6513153651975
236 62 3528.7566923592367 519.2311243857107
237 63 3974.850990432308 523.8950892857143
238 143 9764.867438436208 538.2545116931409
239 54 3349.3352296283247 557.8154319480614
240 72 5252.398392908028 569.066488901774
241 67 4364.103975802902 565.7241525223006
242 71 4761.6097941219405 573.4922201667033
243 82 6035.914605166994 583.1236557379002
244 70 4775.985081440312 605.0680149623325
245 79 5788.664770708696 610.6366754845728
246 68 5366.425086030127 624.3070158116958
247 70 5269.545570224709 644.6496486118862
248 77 5220.685807496833 647.4406096223113
249 84 5973.429670477548 650.8395342145648
250 81 4560.748346645141 657.6030959141108
251 79 5536.606091610197 672.8332326382022
252 88 5307.477934960182 672.1214835427024
253 77 5680.54659475197 688.9896676199777
254 84 5774.556565510793 691.5897580101376
255 76 5393.754585987837 699.2428572805304
256 78 5855.973646902168 712.5329738519131
257 84 6146.921448537729 714.9166368756976
258 73 5432.659117224083 727.6445638578232
259 62 3966.282485555314 729.6850940335181
260 92 5538.185608704144 746.5767570163893
261 83 6303.295251830437 738.4886158403144
262 73 5215.715415750269 755.7204414263164
263 77 5496.253734090655 761.5166261350954
264 83 6339.204169209704 775.0525600938912
265 81 5943.514054130963 789.2747712311922
266 83 5643.581439416724 790.5707448936371
267 84 6981.542980919595 796.8511454264323
268 82 6214.674763715391 812.2971593345084
269 88 6334.257166646801 811.5572835748845
270 78 5013.436449961039 828.7732716095753
271 60 3158.842918841698 830.4140686035156
272 92 6800.757751923731 833.5129679804263
273 86 6244.554832411309 842.4279259970021
274 84 6278.0597910555525 852.6435546875
275 74 5665.891148742755 859.9602223989126
276 55 2790.2195581037618 874.6793789950284
277 87 6835.175757401313 877.5293242355873
278 78 5956.196205893584 885.6175333658854
279 53 3016.927911912635 887.8067546340654
280 77 6036.646169789978 901.7178788618608
281 84 6544.185025493381 912.2639799572173
282 78 6078.380453679355 922.4648883526141
283 81 6286.475259916657 921.5838607976466
284 77 5496.458815883034 933.0003566989651
285 85 5859.913492735403 940.8458632525276
286 85 6046.3525702995 943.2611960018382
287 74 5224.429397048361 953.7188745447107
288 138 11328.559855556363 961.3048246079597
289 80 5974.855985271501 979.1544578552246
290 84 5977.597422916789 986.9771030970982
291 85 6161.7509658900935 993.1837524414062
292 85 5800.807732896393 1003.9025002872243
293 75 5673.8031068933715 1005.0446834309896
294 95 7213.332930820862 1005.543460886102
295 114 6926.69215671253 1015.0425886187637
296 77 5539.169919675429 1035.727956003957
297 92 6349.814288553469 1034.8915378736413
298 87 6221.942051958051 1049.3599439599047
299 71 5037.241175362702 1062.3119971046985
300 78 5693.728469684516 1065.4925513634314
301 76 5710.020186088136 1072.5831660220497
302 81 6079.214282628118 1084.993603364921
303 74 5582.069147253498 1089.0161306020375
304 77 5695.949554951186 1100.1411727310774
305 84 5583.830208872815 1112.2500959123884
306 88 5856.456315505001 1117.146548878063
307 87 6360.8450205941435 1127.534352269666
308 84 6162.345087672412 1131.729235694522
309 75 5671.523757002942 1143.4181494140626
310 90 6042.33249063354 1146.8474731445312
311 77 5824.959164321395 1158.670922217431
312 78 5311.763073052521 1159.9736578525642
313 83 6155.261129787388 1172.5579230986446
314 81 6031.437057425332 1175.3905375916281
315 78 5544.260013807087 1184.5103681515425
316 84 6525.916013183858 1188.8604445684523
317 87 6075.687471724793 1193.4050713900863
318 88 6077.908307673954 1219.1582433527167
319 83 6179.8687606189205 1217.575486516378
320 81 5892.101775833312 1218.6986355251736
321 77 5633.581245927377 1241.3347389914773
322 81 5473.109972885216 1241.2317497347608
323 74 5295.05267640859 1253.5419575459248
324 85 5918.597950241842 1258.2391673368566
325 69 4584.687698707917 1264.9770684725997
326 78 6022.053635430967 1274.158672626202
327 83 5991.049565240138 1283.3591043862953
328 86 6262.2266538333415 1286.5248569222383
329 91 5894.826879229316 1291.3943810096155
330 90 6351.857287492674 1306.0950276692708
331 85 6271.968719742824 1312.630570714614
332 76 5471.972416807688 1324.5460542377673
333 89 6380.995486461428 1326.9519660178196
334 72 5043.983131162063 1343.0621032714844
335 90 6199.2839972412985 1347.754052734375
336 243 18802.835755441723 1346.5560192218043
337 85 6055.326582256062 1372.0286563648897
338 91 6293.281182823064 1382.8850822029533
339 81 6037.884397302973 1390.8226484133872
340 90 6348.494999415974 1394.5277384440103
341 79 6055.979237953984 1397.4158734671678
342 77 5026.319721297481 1410.600376674107
343 64 3558.357779265823 1425.3528594970703
344 81 5985.816938434897 1428.36238908179
345 80 5746.617348457531 1436.3086502075196
346 82 5467.420168915042 1433.9034572694359
347 94 6157.037434816995 1448.8634682513298
348 77 5128.868033715698 1453.8236099837663
349 69 4748.767377284452 1479.261571911798
350 70 4781.860982882835 1477.806276157924
351 89 5521.562715715271 1473.1181544614642
352 84 5641.715831663328 1486.0542849586122
353 86 6081.851696661383 1484.6159341501634
354 113 7419.767075682048 1502.0023647072042
355 86 5555.292602021769 1514.816900208939
356 84 5890.020547253682 1519.7758251371838
357 74 5713.754401103786 1538.7340368322425
358 86 5920.029463054617 1537.1709694086119
359 84 5977.644896863475 1545.195351736886
360 87 6103.9050555361 1548.6025180158945
361 84 5872.451138741268 1548.2039417085193
362 85 6115.508823183448 1563.7629825367646
363 83 5230.58037449614 1567.6925563582454
364 78 5512.808964462724 1577.637435521835
365 86 5685.680032517737 1590.10751697629
366 83 5879.565876377315 1592.7315129659262
367 77 5436.687332665373 1590.187832919034
368 75 5448.426692528056 1619.0776497395834
369 130 9140.648737344174 1612.1796358548677
370 81 5678.204546121456 1624.2030707465278
371 99 6695.167430262489 1637.1050889756943
372 81 5655.0963781422815 1643.847008222415
373 87 5792.354865327734 1641.9861288838003
374 75 5720.858899882577 1653.6520035807291
375 83 5316.583734786286 1661.607704254518
376 84 5910.416244963184 1670.1486249651227
377 92 6015.068889867603 1675.0062507961106
378 72 5719.340565880121 1680.0766347249348
379 79 5486.514980609307 1691.6616519976267
380 87 5118.6935770429745 1696.284009911548
381 85 5647.204032800138 1698.7776381548713
382 69 4486.46389219579 1721.7323599552763
383 73 5426.049932357248 1715.173746187393
384 79 5747.982848575042 1720.9551136644582
385 69 4458.649238410935 1734.765331323596
386 83 5844.541115364491 1736.9194247693902
387 95 6133.09382001419 1738.5205360814145
388 82 5525.604949441929 1743.9650953339367
389 82 5969.732418601336 1764.286064334032
390 83 6033.514423180644 1767.868387612952
391 83 5731.927404285689 1775.5011971714985
392 88 6078.747983904185 1781.431435324929
393 83 5157.777838711904 1779.6596826760165
394 88 6115.195489137131 1795.2719934636896
395 88 6021.921637276999 1799.1887428977273
396 83 6150.004198800544 1810.1636580501695
397 88 6408.8772869421155 1811.6187230890448
398 85 6232.014262615048 1828.3578096277574
399 108 7482.23795719445 1821.465885868779
400 93 5249.276390140842 1834.4563408308131
401 85 5370.752783315052 1852.7668686810662
402 86 5818.898309340368 1849.8668085142624
403 89 6196.224695813798 1859.3931171545821
404 80 5670.212157196769 1878.8146240234375
405 87 5698.184299518335 1883.9242238011852
406 88 6113.282509717412 1886.168832952326
407 80 5866.730637625943 1892.1839263916015
408 84 6011.414322369254 1897.637679327102
409 86 6220.703114062938 1911.0941999568495
410 89 5863.223841495486 1911.7264829485605
411 89 6247.737357822709 1919.0696006517733
412 94 6161.695350049183 1926.0083319481382
413 90 6050.0680748899695 1940.5039320203994
414 75 5499.638708224376 1944.7762858072917
415 244 16482.475615613628 1938.49881881964
416 86 5719.580941887309 1984.8007684752
417 84 5948.677758572069 1970.5140308198474
418 86 6178.169656365275 1992.1323994481286
419 77 5446.74913096942 1992.72485985694
420 83 5274.513136306667 2002.4073956960656
421 87 5884.441937849921 2007.5338106703484
422 86 5602.697588097024 2018.4933159406794
423 83 5748.558977196531 2023.9705457572477
424 88 5674.695622641069 2031.3176089200106
425 94 5870.483239887264 2041.1994174389129
426 239 16366.98338544173 2037.5698890845647
427 80 5607.566422063768 2070.960397338867
428 82 5720.293491403364 2072.803487638148
429 95 6444.423128623115 2077.6541478207237
430 181 12909.131670937526 2079.94426916976
431 84 5847.036223330934 2098.21047828311
432 86 6057.832258453785 2108.69063266488
433 78 5155.384022162237 2111.045158190605
434 86 5511.413444455516 2117.1871295307956
435 85 5561.469532924437 2122.708048023897
436 87 5819.788119223544 2135.4441128434805
437 93 5799.068986649006 2140.1143326297884
438 89 5659.80757725182 2156.53402881408
439 84 5556.955699605085 2158.554962158203
440 84 5391.869402017086 2166.728788829985
441 83 5613.0166743098725 2169.1112148790476
442 88 5031.550042511694 2181.6149402965198
443 86 6007.513660032045 2191.297207144804
444 94 5602.355577785224 2189.1160577002993
445 97 5946.165694133357 2194.567241865335
446 89 6220.2290943497155 2210.990574525983
447 86 5845.2720356090385 2218.63810126726
448 94 6438.222060227602 2223.906527904754
449 82 6058.214575765337 2238.9807664824693
450 82 6004.962714226916 2244.9264987852516
451 80 5535.412872441488 2248.786029052734
452 97 6003.183878528809 2249.780796955541
453 89 5580.613966389046 2270.6126612974017
454 232 16212.76949127087 2254.6353864998655
455 256 16859.711552486948 2277.4147634506226
456 99 6372.586146827515 2302.3249067826705
457 92 5950.982150301878 2317.4827429729958
458 92 6103.852456981784 2327.8529769234037
459 89 5842.878051482374 2330.4182869557585
460 101 7017.036335458807 2343.8006652227723
461 156 10903.378804236178 2331.6215397761416
462 101 5819.392991671578 2357.6398780747213
463 86 5929.083719272354 2366.400172033975
464 79 6055.399995038461 2365.7069169056567
465 92 6267.512838368166 2381.145311438519
466 92 5187.748380589456 2387.9785501231318
467 91 5748.23285528363 2390.4794117015795
468 116 7865.124772553471 2401.890140928071
469 92 6388.77613073501 2416.3642551587977
470 94 6055.967332400259 2421.171251662234
471 88 6476.411541513417 2427.3054809570312
472 86 5715.551657321634 2430.475191338118
473 92 6067.742829575364 2438.2017052691917
474 175 12348.032152316957 2437.4409640066965
475 93 6652.555216726463 2469.1722635248657
476 87 5803.456222807686 2467.828576800467
477 102 5596.252035828726 2466.724152209712
478 81 5755.834763464505 2484.5933822820216
479 93 6189.024074751112 2480.365664902554
480 161 12282.215391948992 2486.1510062839675
481 86 6038.903155019842 2508.8424725199857
482 98 6085.3370100174725 2518.04302604831
483 88 5926.591856348542 2512.2925026633525
484 90 5997.430851623092 2531.021657986111
485 166 10822.212781796485 2524.883133118411
486 95 5953.301728737175 2545.4388312088818
487 91 6263.775811228148 2552.441218449519
488 105 7791.388588727611 2552.9068894159227
489 90 6136.450703481713 2566.2931125217015
490 91 5890.932651346907 2573.2667625343406
491 92 6264.680893211554 2584.8229847783628
492 91 6772.1700955824 2591.4924826150414
493 243 16667.75354683987 2587.457467287166
494 103 6934.802704587459 2615.3603918575545
495 89 6312.464106070217 2630.019736986482
496 90 6127.443107756448 2636.048347981771
497 187 13042.747500517207 2624.686114795705
498 89 6062.661697607825 2658.212317306004
499 102 7323.329522144918 2662.791051528033
500 90 6424.844148846176 2675.2664035373264
501 84 5368.884000632746 2672.0125732421875
502 104 7039.925072056625 2682.8158451960635
503 84 5585.582484388008 2691.997102283296
504 88 6189.701038347743 2703.121407248757
505 106 7347.330881752775 2698.804240676592
506 92 6074.641977431956 2707.531971807065
507 93 6307.344384231943 2722.6090704805106
508 91 6213.26550055834 2731.790312714629
509 89 6025.3125295704385 2733.30194434691
510 92 6421.3034492715315 2743.22071373981
511 98 6370.651328409466 2745.74962631537
512 87 6104.774721280718 2753.651358768858
513 87 6195.6136245441385 2763.216165476832
514 86 5659.1294016512165 2773.1486674464027
515 96 6172.320739161016 2772.864761352539
516 88 5779.357662978545 2776.0236760919743
517 88 6432.078018342267 2785.6824562766337
518 88 5907.316440873335 2792.124791925604
519 89 6785.179653306017 2798.476321102528
520 92 6284.330873385923 2811.839657990829
521 77 5635.952763980615 2821.3654563210225
522 95 5996.934337750781 2822.1653757195722
523 92 5441.314845681621 2826.922012992527
524 154 11186.98236033875 2820.709900695008
525 83 5238.943844669221 2842.156617681664
526 108 8469.78517978271 2842.9975902416086
527 90 6378.808660084764 2863.095534939236
528 93 6514.643984974212 2866.004924815188
529 100 6357.068527994136 2859.0542407226562
530 94 6009.40900531032 2877.581231299867
531 99 6797.855189682835 2870.716071851326
532 110 7449.768311714132 2897.6368696732957
533 111 7546.780566593136 2891.877727336712
534 89 5685.92240446707 2909.096852506145
535 89 5918.817382814235 2898.105038074965
536 95 6525.214790292632 2919.8521432976972
537 141 11316.563019753023 2916.3702955313606
538 143 10501.816485787864 2924.256680575284
539 95 4585.800138593397 2950.4991596422697
540 92 5973.435850312763 2943.0652147376018
541 93 6362.742051288637 2950.4264375420025
542 138 10128.292563558058 2949.35157311481
543 64 3163.830828380233 2987.0218048095703
544 98 6923.291994155487 2980.445930325255
545 90 6114.220879508062 2981.5349500868056
546 97 5824.0195372959715 2990.97584014578
547 92 6289.547877929078 2998.8693714971128
548 88 6091.692496449065 3009.8795221502132
549 185 12810.95216156354 3000.4883907833614
550 252 17134.985403372986 3003.251300145709
551 85 5801.580396126516 3046.330508961397
552 79 5512.260089974074 3049.976862267603
553 140 9863.783093071837 3040.5200491768974
554 97 6326.160999668564 3065.493607039304
555 83 6011.433401941955 3063.5471691453313
556 91 5791.326745979983 3085.876164362981
557 91 5654.497679790642 3070.7225408868476
558 170 11324.828645390811 3070.5461224724263
559 90 5018.308471464691 3086.2245361328123
560 91 5703.359156807291 3107.709300952953
561 90 5955.239647324659 3114.821427408854
562 91 5858.504358813186 3116.309508606628
563 90 6352.534797151919 3118.780495876736
564 100 6313.603107427442 3120.6882592773436
565 87 5571.440284716541 3126.5302846623563
566 108 7477.481042255064 3136.4494583695023
567 100 6693.285231513547 3140.6273901367185
568 168 12806.752935793049 3134.8767598470054
569 85 1759.1121771486346 3168.991073069853
570 51 256.2473970531226 3199.8666848575367
571 52 172.45017718032364 3205.701641376202
572 51 258.46536219230956 3195.0424421721814
573 51 102.35983070424834 3211.388820274203
574 51 115.34207583463257 3212.9250201056984
575 51 42.98528794016036 3219.890720741422
576 51 129.92773646526553 3207.551513671875
577 51 -5.206931780715948 3210.2929352405026
578 51 -43.250469648795196 3222.4906843596814
579 51 -45.57096823557274 3234.6511709175857
580 51 -63.395449368158225 3239.8028875612745
581 51 -68.04204579986119 3230.543385225184
582 51 -68.21965994262526 3244.301197725184
583 51 -77.8532879465274 3240.3813285079655
584 51 -72.05530976887289 3234.413564644608
585 51 -74.57511378541403 3245.9606454886643
586 51 -83.52960335542264 3253.026951210172
587 51 -71.01016330928479 3251.4881807215074
588 51 -77.16282038708735 3248.0583113128064
589 51 -66.28257428036082 3255.0437394684436
590 51 -67.90424533834468 3258.936279296875
591 51 -89.57948484420527 3263.907820159314
592 51 -78.4660972506977 3271.46391027114
593 51 -79.55433022141074 3293.0427389705883
594 51 -80.76498280611881 3277.633860868566
595 51 -69.29938521463674 3267.4630438112745
596 51 -69.55038740000315 3287.9210516237745
597 51 -62.62820174328036 3299.2834185431984
598 51 -54.81023121249447 3307.3822332643995
599 51 -46.403362030353804 3315.171568627451
600 51 -23.734950988164684 3324.0258549708947
601 51 -19.47633455203143 3322.254638671875
602 51 46.44396934805769 3324.0155867034314
603 51 16.22732364909062 3315.5235284543505
604 51 71.98750279839817 3339.638437308517
605 51 56.84586691976824 3327.9611624923405
606 51 153.02461915961197 3324.8212747012867
607 51 232.14307916967817 3338.5449170879288
608 51 277.4763032602972 3348.1575616574755
609 51 300.4972598167071 3350.9381845511643
610 51 211.61575148506478 3362.629648246017
611 56 548.9575992665465 3357.800301688058
612 88 1036.8965832899264 3346.6193708939986
613 141 1998.7306367877636 3329.584834538453
614 1617 77846.44991727117 3375.5331881776146
615 1923 132615.38119551036 3496.8967569542624
616 92 6281.883372301513 3610.2877489172893
617 1095 78966.47901439911 3606.9969048765697
618 1088 80035.86977696327 3677.6494957419004
619 350 24024.31687877182 3736.0513134765624
620 702 49996.74996045046 3758.1996312155
621 684 50750.82832868278 3807.0757553368285
622 523 37463.22358341381 3839.964320458144
623 329 21899.414964478132 3868.258449937073
624 890 64450.751350919425 3900.9511822989816
625 1087 78823.47909691927 3963.25172919841
626 347 24354.092998237567 4014.6104507666155
627 345 24500.721981194238 4049.6611865942027
628 1068 80587.17267827994 4070.171688922782
629 88 6064.935308767965 4136.322135231711
630 692 50658.15225612297 4140.455517719247
631 340 24472.61165739042 4163.975702263328
632 411 28848.833318614375 4180.84964917408
633 730 55283.27780053311 4215.259008789062
634 899 65514.391858672025 4260.778017784518
635 288 20546.57404932891 4294.650821261936
636 289 20087.100360624332 4313.44044489349
637 90 5947.1549666129295 4360.5802734375
638 1089 81544.51312382848 4341.916744235681
639 1459 110780.78581210932 4404.011674573766
640 439 31599.92649327756 4465.498624136888
641 798 58967.792697999954 4495.753597249961
642 282 20080.672381857818 4537.492686170212
643 383 27588.538967089054 4541.843737251143
644 388 28633.6336898062 4565.563593598985
645 390 28842.87802679057 4578.964171424279
646 1536 118950.5512965163 4626.4636335372925
647 393 30100.17561901403 4681.026274004055
648 1082 81006.19488552312 4709.422115530412
649 1013 77445.9023595084 4758.367876299512
650 484 36790.37346995788 4800.5387477401855
651 328 24602.004793319466 4805.34831572742
652 475 35601.811880872854 4826.391328125
653 379 27551.406785751828 4836.144214318107
654 759 57140.303383302045 4863.760576210474
655 649 49024.86450717028 4909.379612715476
656 101 6404.803089197476 4961.268897934715
657 280 20122.594465010825 4926.757479422433
658 640 49304.002420934354 4943.955625915527
659 583 44014.30628304443 4961.425493976469
660 989 77026.60406082952 5004.566772090653
661 370 28473.96479333523 5034.274196315456
662 95 6215.3815929797065 5077.521977796053
663 1117 86999.80262114218 5065.661814745132
664 736 57858.751218297366 5106.426306019659
665 394 29243.222707931578 5127.7786871430835
666 1408 107724.73519169464 5158.104556690563
667 3086 239680.17750554575 5248.4929137511135
668 372 26635.83512156237 5331.744240381385
669 99 6594.1704181384 5372.266843237058
670 116 7814.8174494665645 5364.032234981142
671 375 28596.422081952376 5349.195307291667
672 482 34283.0985091113 5370.738753322744
673 1130 87983.60272963966 5387.758310287611
674 867 62847.454174176135 5425.47947585514
675 1577 119723.67043138691 5468.0904880830885
676 459 36019.57035919286 5521.375142548339
677 840 65713.70424105434 5530.365236700149
678 1015 78868.29053894608 5566.462097829433
679 90 6186.765493399101 5627.060541449653
680 481 35358.94304159159 5608.901209841151
681 341 25424.928982136476 5627.071324860246
682 1024 77569.12008509437 5638.131489753723
683 1479 115430.07186219889 5677.991378980202
684 1431 110222.13282590618 5730.706546380918
685 111 7715.314887068192 5795.431495460304
686 2148 166684.28551466856 5799.298498512424
687 95 6271.078259735352 5908.379851973684
688 455 35591.02945945202 5861.069151356456
689 454 33854.74163446991 5877.958970393378
690 372 27016.95608264127 5891.562079973119
691 297 22194.778315557687 5905.756055016309
692 729 55548.85597783897 5915.934819476594
693 103 6838.366754991476 5981.337715222998
694 448 32955.817357879874 5953.070216587612
695 366 27008.740542223375 5968.5423563972845
696 88 5963.853014157323 6036.272344415838
697 272 19953.768124734466 6004.03735890108
698 466 35589.79086515578 5999.6476757393375
699 310 22892.66412837127 6012.826997227822
700 292 20912.42135031471 6031.9134855923585
701 1897 148011.427522099 6055.048536494712
702 796 62681.67984551902 6101.561812357687
703 337 25829.19814334177 6121.279259203449
704 341 24848.92598597827 6145.029968440707
705 90 6415.992545087789 6169.382899305556
706 97 6126.155968025653 6185.2641953930415
707 1104 83095.63453982248 6163.11298447761
708 273 19563.923246489423 6204.380170773237
709 836 64222.36139879082 6212.854930238861
710 820 61307.26959997191 6245.957409370236
711 2439 187452.94491901607 6289.942463091623
712 261 18787.484555451218 6364.7208172443725
713 446 34511.43535715297 6349.563720703125
714 103 6935.743945886678 6402.646707182949
715 309 23100.035723143752 6377.7187089148465
716 98 5377.8327974673575 6435.168053451849
717 364 25414.116048179018 6391.382847377232
718 459 35745.20939412243 6394.416941125409
719 1087 79739.64634235948 6404.906018661597
720 355 28120.611502688243 6457.9712367957745
721 1443 110491.50840114708 6461.994820428902
722 88 6201.075766550318 6557.68241743608
723 83 5692.449096482692 6543.490805016942
724 80 5594.4745611192 6566.019537353515
725 1931 152970.1878510593 6527.302103225336
726 362 27382.26994615761 6576.59530656509
727 361 26034.751930823913 6604.016784160752
728 435 32629.309961931212 6612.915310704023
729 329 25099.146664502827 6630.773523579977
730 325 25287.349529027426 6641.129585336538
731 359 28059.70733037724 6645.563955322946
732 98 7142.013195881923 6708.121821189413
733 805 64269.435991154605 6655.223652828999
734 195 14294.460893327978 6701.304967948718
735 195 14452.963034765731 6717.872924178686
736 79 5665.185230539792 6765.271546182753
737 83 5324.2124069842475 6751.373711643449
738 86 5790.607355411572 6758.883471111919
739 1024 82476.75652159251 6700.167063236237
740 109 7677.211267339236 6783.25745412844
741 462 37366.77869298926 6744.662075554654
742 669 50652.50147002966 6752.029926020647
743 1407 114806.4942109958 6774.08025858431
744 352 27473.253197874794 6810.397533069958
745 352 29220.935008245207 6819.046485207297
746 454 35385.766409894524 6827.594412513767
747 359 28666.7007375632 6842.375481480675
748 79 5443.082849839314 6915.03759765625
749 351 27299.010092902285 6869.065438034188
750 368 29226.550538538253 6877.543113376783
751 85 5600.336830847313 6927.003630514706
752 723 54614.93604334104 6881.831555800484
753 905 70816.45086559364 6898.44539828643
754 794 63821.63916060949 6922.267669754605
755 428 33859.86200281607 6952.282872280228
756 98 7348.937938308846 6997.384930046237
757 1154 93370.56603568526 6965.074403653732
758 967 78441.23771100954 6994.488574117761
759 266 20418.11839242618 7038.501541940789
760 464 34856.666359664996 7025.992127517174
761 587 48005.5374610129 7043.587819919879
762 706 56414.38203082682 7067.111266571132
763 432 35935.190099989384 7080.958239520038
764 97 6879.995517821532 7132.981430211018
765 85 5929.869809968149 7160.501470588235
766 444 35227.097976958496 7094.060498486768
767 663 54868.71054019865 7094.975419494721
768 78 5687.447105828857 7176.101549979968
769 688 57560.983782978656 7118.848578874455
770 346 27196.439720538925 7139.079554563313
771 442 36559.190528687286 7153.503888574661
772 94 6532.413377430255 7214.188970038232
773 324 25172.379702313836 7168.7484296633875
774 438 33465.0188935898 7177.400338229523
775 777 60531.572055388446 7185.816113406934
776 768 62667.1960692289 7197.06765238444
777 441 34707.935151463535 7223.871383839994
778 100 7098.321107963162 7277.903032226563
779 354 28216.091682783834 7229.30676200565
780 1751 142487.16408643624 7245.989025523361
781 614 49044.86259450609 7290.297101645206
782 139 10076.032555134152 7322.713544008543
783 85 5948.202637513942 7375.636046645221
784 984 77975.446032873 7309.446734172542
785 83 5535.9694410196735 7389.40672063253
786 293 23012.387588041816 7345.186771744347
787 427 32945.79937071623 7345.0036135099535
788 795 63360.7115264489 7354.848933151533
789 301 24303.6576918745 7382.955666982454
790 2014 168099.87856447857 7384.518985752079
791 1467 122782.41114958831 7425.164050184795
792 684 55556.021005849805 7462.767105548703
793 435 33238.93815348972 7483.920145249641
794 259 19482.617250274074 7507.340305637669
795 86 6484.554127614001 7581.908946902253
796 262 20374.146011978497 7506.9724903834685
797 1010 82312.65914763798 7500.774226485149
798 2777 229237.34951087044 7533.778402601166
799 87 5214.038611894336 7634.2011101382905
800 3879 319565.5382080472 7602.26668489382
801 86 6443.24078434777 7717.712703261264
802 805 64922.863465803675 7660.383517323369
803 324 26482.366109930932 7696.433720341435
804 1337 109176.1421775784 7689.316568036533
805 1502 121406.71940725078 7721.907989542589
806 685 53795.59177031607 7743.786753678148
807 435 35667.55146513461 7764.528627873563
808 190 14790.847755949804 7788.800670744244
809 78 5979.177217100122 7850.840075370593
810 1479 125319.05276601602 7775.628520973314
811 2384 197292.85462494544 7815.407073155346
812 84 5724.428356340038 7923.205734979539
813 79 5650.297447777105 7917.683284711235
814 1128 92783.61810671921 7855.622518769393
815 2787 228136.13919316686 7888.487055378487
816 656 54812.45840201288 7931.729976747094
817 1050 86523.56810778259 7942.0616666666665
818 280 20425.365393238215 7981.752382114955
819 421 33925.74653074547 7965.95980320294
820 86 5395.3205167871465 8041.42925031795
821 3076 259813.68859731263 7988.701166001656
822 271 19824.429596044036 8034.242733438076
823 894 73351.0524828162 8024.66455351213
824 434 34626.10130703189 8045.793544786867
825 1335 111398.2108621664 8050.375024871255
826 278 20741.674348638597 8083.872526978417
827 978 77736.75430269452 8077.3786206703735
828 577 47092.10333851984 8093.030771027405
829 434 34617.69636328234 8100.969481296803
830 649 52786.14550571503 8118.509217154998
831 608 49773.91820470777 8135.014663696289
832 325 25297.15761586979 8142.412633713942
833 1675 139780.8620678033 8144.926078299906
834 271 20809.102106267237 8180.220459885263
835 2787 233150.99351715023 8187.636274619046
836 1052 86871.10239355819 8221.81842157052
837 438 34233.99913482049 8245.791946480807
838 788 63292.172593459276 8252.704564438254
839 1320 107264.01212071623 8260.443808075875
840 76 5281.915358346147 8374.082474557978
841 1023 83558.42356453124 8294.607808013348
842 341 26660.820722117227 8308.699979094117
843 940 75826.18869718086 8306.305880672373
844 787 62562.22124550973 8324.406117227209
845 952 78708.73474480174 8332.9562726702
846 1964 169464.98182056413 8367.384902860871
847 602 49627.25020197111 8398.29202787583
848 339 27880.098544538763 8422.246214740044
849 1966 165468.10353806196 8409.4416178551
850 80 5393.746751345684 8523.781762695313
851 2028 170204.76958457913 8448.116907725438
852 884 74215.44875700804 8486.947376095872
853 1393 117593.59304167106 8497.579979276965
854 1590 130763.1837630158 8517.913180522799
855 1745 142150.20755462683 8546.714205206841
856 78 4969.028925029704 8687.08373397436
857 86 5054.826711522726 8663.245208030523
858 78 5152.49864434172 8663.52850811298
859 339 25301.782175147706 8604.941587735066
860 80 5238.30046389566 8693.403479003906
861 454 37767.896076432684 8591.087225960215
862 1752 141222.55523126948 8601.197823581086
863 83 5638.784631818234 8713.384247929216
864 551 44193.919933668316 8640.074059238885
865 2358 191266.79812681346 8640.841519809557
866 304 22878.363762497705 8689.109779759458
867 1037 83848.47409240075 8675.476174511812
868 700 58767.15945106041 8695.414907924107
869 1423 118386.3333401208 8691.990412805253
870 684 55931.63163937246 8714.119713141905
871 347 26747.846355864483 8736.00612391931
872 269 20757.357734924088 8743.779282353624
873 797 61588.5853681199 8733.748043199106
874 656 53295.60977106662 8748.931131502477
875 773 61834.10850662027 8746.746686256873
876 1298 111005.33357275082 8760.609692495666
878 551 44799.140088865424 8835.888129537205
879 190 14283.426657969385 8887.873134251644
880 360 27665.248843002148 8864.985506184896
881 445 35295.994659355994 8864.32286911868
882 91 6569.869129845664 8946.036529876374
883 1327 107683.12051505904 8858.958856325358
884 755 65105.46071158576 8875.158278145695
885 2427 208975.20904902136 8889.320800580062
886 431 35589.99736705374 8929.901754640372
887 545 44646.207769290544 8922.660923165138
888 1862 150003.07867843792 8927.880942765676
889 3471 289973.5059334126 8955.046165437734
891 435 34089.60684683189 9040.639978448276
892 301 23857.1255766072 9050.840625648878
894 423 34829.993638975335 9100.337770574764
895 1011 80168.93094299478 9096.403585945227
896 536 44445.333796150204 9129.118255159749
897 955 78601.56298634772 9121.81349701407
898 2840 240891.4362202054 9141.96983006437
899 1452 121478.46774157124 9162.322934825886
900 867 71951.28020357022 9177.222416333261
902 941 79841.97321215522 9226.921811694674
903 1659 138061.9925371485 9231.947549940665
904 336 25991.560174657727 9250.199820382255
905 1238 103135.75199842904 9247.931280133027
906 772 63601.358377298675 9267.391681256071
907 1053 87265.13387474917 9254.279154981303
908 266 20610.504561714602 9295.996229587641
909 768 64611.27950172879 9272.95949045817
910 1751 152543.37282383698 9280.360494338056
911 1658 143844.26726290333 9300.373680639324
912 188 14508.537125560266 9350.973341921543
913 759 62946.37345420902 9319.8967764431
914 1867 157551.10756466893 9324.023919242936
915 776 66017.12902002715 9332.659632731958
916 1648 145493.9243243292 9344.527705812918
917 1992 175706.60371841028 9372.98780816626
918 80 5548.453140167489 9524.864184570313
919 1091 95427.12939113955 9387.343395537351
920 1324 115757.98850412277 9392.96874114898
921 752 66101.80498879853 9406.2164968937
922 2378 204059.06368750567 9413.553156949774
923 758 64474.513000787054 9441.98830830516
924 677 57409.089950542424 9455.521566596659
925 852 72580.37955216739 9452.758440617665
926 337 28942.604346187552 9457.917229808048
927 599 50616.08853289422 9474.735781967342
928 667 57434.50998322016 9460.704425131184
929 3036 265216.9259343907 9474.743623715929
930 410 34013.12694469174 9501.170488757622
931 1386 123946.93388826629 9497.668364025298
932 597 52310.06280344738 9505.584985474246
933 1020 90367.64925748248 9520.864241536457
934 1874 165271.2476163082 9510.454030170258
935 318 27063.678808422814 9542.659732458726
936 87 6531.47806743361 9611.30413748204
937 2391 206917.58263693977 9547.715540944559
938 930 76849.86513488527 9560.793119959677
939 3855 338562.99363931594 9573.485394627513
940 196 15780.25917168781 9652.792002152424
941 568 44923.157390741995 9609.829137667804
942 1670 143301.51415257316 9599.162811681324
943 1661 147325.25295490157 9603.147565590194
944 1074 92868.86364114186 9621.902371028282
945 326 26738.01247288862 9657.988946271089
946 2397 202979.7406815123 9632.997948689117
947 754 67415.26783833664 9657.929006237566
948 1373 128778.12746861778 9648.682759439867
949 3187 288605.05892290646 9660.55759757658
950 505 43782.74997104117 9688.115909266708
951 1049 94492.97323232822 9671.628210833234
952 242 19976.04827168139 9717.835981889204
953 181 13949.747702339691 9707.986052960981
954 744 62691.83493432195 9690.368510584678
955 3678 327302.6765170238 9686.689594378739
956 1699 154386.1202225463 9698.791559947947
957 978 87321.84414651214 9701.96094149412
958 725 65682.85350953635 9699.343768857758
959 858 75716.78167827462 9702.403781277317
960 423 35977.32955810947 9717.959499205821
961 398 33519.263343885184 9744.427859512405
962 1038 97705.35217048333 9721.128415146315
964 1765 164935.2476572082 9744.54674884915
965 1975 181208.01920555433 9753.46385482595
966 290 24604.57813018928 9777.597002963363
967 715 65622.26934103433 9761.850763494318
968 595 50398.523991976625 9787.13556985294
969 286 23824.368563221655 9825.160484047203
970 79 5675.3199106805205 9951.125296677215
971 72 4057.5456277844605 9986.307671440973
972 737 63577.241812578744 9804.876819294861
973 63 3324.654969750299 10002.23648313492
974 697 63866.87494688284 9787.936201185887
975 2137 197171.94151817643 9793.95015921122
976 809 76102.81127799061 9796.248637158144
977 1686 155811.05249303288 9813.707438440651
978 1435 133923.64211800363 9816.888398301393
979 1062 93296.9890269675 9840.480771282075
980 301 26528.205030200585 9864.966258305647
981 2321 215527.31632607544 9813.017080797608
982 83 6452.296274789467 9930.707819559488
983 510 44555.32157126173 9851.210330499387
984 1006 92271.16873954645 9862.526799165942
985 472 42844.89039770356 9844.135851843883
986 800 75960.67440401344 9853.075672607421
987 486 45962.26095077614 9866.376360355582
988 79 6009.865555805338 9943.434236550633
989 948 85658.3810353189 9847.933453652426
990 240 19881.676628813944 9915.804724121093
991 407 34191.18144487961 9876.109979652949
992 1008 96191.95338605165 9858.247788202196
993 1515 141975.3720858514 9873.213779522484
994 1793 165614.14322256448 9845.753529350251
995 374 35435.44438724296 9854.797888118315
996 401 35928.9863688609 9896.488398145262
997 403 34752.336398439526 9908.39599003567
998 400 35466.216810716374 9829.086330566406
999 402 36042.792778327304 9904.996849249845
1000 609 52650.02520773139 9882.517770551109
1001 269 23938.039725036648 9854.814692727696
1002 284 22866.07240715146 9873.911576391945
1003 729 66276.04762784208 9861.414240665723
1004 730 65406.9012807328 9861.850375909675
1005 181 15345.78503373403 9847.74880222721
1006 572 54621.81323874051 9863.566945749562
1007 323 27841.69283489022 9857.636688515868
1008 190 16307.112845659685 9888.48322368421
1009 96 7214.356469762354 9999.018249511719
1010 382 33111.707815554895 9927.71291874591
1011 874 84581.38367808201 9873.226331208882
1012 385 34672.63700877092 9886.9103515625
1013 782 70454.3129269321 9885.187517483217
1014 1497 144881.9486630648 9886.038766334754
1015 77 5804.706239002116 10099.73053216315
1016 775 71743.2025609432 9905.459795866935
1017 610 52112.24544716157 9914.340713050717
1018 290 25160.859127281557 9885.171356411638
1019 183 15858.90471179359 10034.43418075478
1020 299 25033.740351986795 9898.507417302466
1021 1771 166634.2975463131 9888.326888167878
1022 78 6212.632806392321 10002.810083633814
1023 267 23106.778714762535 9921.342180916432
1024 586 54972.38717187046 9911.355837044048
1025 181 15289.165834581887 9978.652888682665
1026 234 20643.179400231053 9929.089993990385
1027 680 64729.16180570047 9909.733089671416
1028 1237 114526.69058926906 9920.008091179518
1029 793 73843.84997133783 9917.459191263399
1030 607 54665.21939072348 9943.684716716432
1031 104 7656.114098133686 9992.429424579326
1032 613 57594.13321596365 9931.084021016008
1033 79 5541.166978344499 10052.850042029273
1034 73 5766.992053253305 10039.679513591609
1035 797 78292.80653204759 9962.505717240432
1036 1143 109523.59992280845 9937.413051762085
1037 1010 96255.60219143277 9947.81836227568
1038 715 67537.64514931031 9972.56044853584
1039 164 13132.213175172305 9969.206066596798
1040 177 15082.642256509576 9993.36311021363
1041 292 24130.622617051005 9993.836947506421
1042 79 5330.675006487062 10127.097680973102
1043 174 15353.34949077307 9976.710959949713
1044 89 6054.883453200827 10038.25237008427
1045 897 82273.05297805372 9973.504531162904
1046 2173 207339.84522715517 9957.94902460596
1047 705 65758.74352397634 9937.88555795656
1048 687 66136.85879259862 9976.028439717522
1049 903 83595.7883560395 9956.59604919366
1050 1294 127224.01518184795 9965.926681589306
1051 315 27869.522701267655 9959.01263640873
1052 1303 119031.95100185384 9979.048514096077
1053 964 94641.48278392293 9974.829148161956
1054 540 49535.48074249337 9987.657183159723
1055 360 33362.55527774044 10058.418476019966
1056 604 57709.45275399531 10003.018122995136
1057 347 31199.025162138754 10011.368172505403
1058 614 57005.36537307953 10030.054041759975
1059 1494 143778.37553483163 9994.22650955384
1060 1282 125086.26131599801 10002.925452936086
1061 775 75611.747726908 9994.972239163306
1062 891 85087.37749303004 10023.539412133488
1063 186 15823.31384543884 10079.390236475134
1064 239 19982.92380630871 10095.134307989018
1065 396 36099.95256508287 10024.535582879576
1066 2266 219561.46511337813 10028.046680204656
1067 995 95527.87177270217 10031.20618718593
1068 393 36697.94619537483 10090.17088352815
1069 1424 130724.30330885106 10045.97151304095
1070 805 76262.27577953208 10078.404102775621
1071 1474 141154.3273723984 10049.23547214213
1072 307 27086.153860754934 10095.61184026364
1073 379 33355.68163013443 10079.01460978727
1074 670 66422.67717624019 10070.901256413246
1075 86 6281.465489137536 10119.210324309593
1076 454 41362.44469311651 10065.860820484582
1077 607 56075.6958930649 10079.961350970449
1078 374 36522.600319470395 10083.248916381182
1079 1684 160023.19632721212 10077.304882928482
1080 97 7053.7330515492185 10217.48604623067
1081 85 6185.8646829100435 10210.608903952207
1082 980 96350.28072574535 10107.359534438776
1083 535 48964.91399563875 10085.683422167056
1084 900 86322.23752243794 10079.797208116319
1085 973 98659.65551386288 10087.297166061793
1086 185 15239.637268623072 10131.855854096284
1087 682 64036.48836074996 10113.396468623992
1088 238 20568.05941588195 10114.84770959165
1089 1117 105697.92827971166 10098.831140366216
1090 688 64691.6742308515 10098.177995548693
1091 379 34484.460694801695 10124.494449826847
1092 772 74467.04408106032 10129.62902009796
1093 236 20339.221330191718 10175.853163896982
1094 83 6054.217772190625 10142.154179216868
1095 180 16352.920507927884 10196.243641493056
1096 450 42675.60054557815 10134.937684461805
1097 685 65944.98094321929 10132.050277999544
1098 545 52383.7123028666 10128.893979357797
1099 916 88019.39876780107 10127.392121827237
1100 695 66702.83151159059 10129.590793615107
1101 581 56276.73959308638 10128.55808782003
1102 279 23599.477910421414 10149.233321432572
1103 549 51443.75022261977 10139.927038863274
1104 90 6159.223940680836 10236.724934895834
1105 542 48974.00873760536 10144.420204753806
1106 304 29412.139260477215 10150.610672800165
1107 176 15376.840711991354 10197.143033114347
1108 494 47406.935648760875 10153.244820660426
1109 176 14691.368339656188 10176.391129927202
1110 684 67369.14896067104 10153.755481028418
1111 315 28627.920991580635 10173.361046006945
1112 207 17553.17706562831 10194.72510473279
1113 969 94472.0578518992 10157.071479537539
1114 101 7414.313546739442 10228.771832456683
1115 2649 268158.5835127798 10132.44771501333
1116 222 20050.46834185116 10222.65086570946
1117 1057 104794.33215064944 10144.981514605015
1118 181 16168.050408190149 10202.551137344613
1119 771 74536.92838105053 10170.719480838603
1120 78 6159.4323054605675 10304.12860576923
1121 291 28051.52101546833 10184.519199017397
1122 1322 133437.29091776206 10174.045546077203
1123 903 87652.74822587096 10181.079862913552
1124 390 36094.89408905802 10156.678796073718
1125 686 64137.78166690554 10171.913337907708
1126 175 15318.104292388123 10264.268448660714
1127 171 15777.879747306133 10241.662577668129
1128 590 56076.51487911103 10168.841328456037
1129 82 6051.603006991051 10272.853670445884
1130 474 45309.979598044825 10179.378331437896
1131 298 27825.396664413027 10213.444296612835
1132 479 45486.816347620515 10245.66815631524
1133 228 19885.738361983716 10233.943359375
1134 345 28444.66814149601 10191.924156476449
1135 664 65953.51098107894 10176.913253600338
1136 210 17847.948467557217 10192.448246837797
1137 86 5457.107667824198 10343.374875090843
1138 1488 145950.35939767954 10181.438542847993
1139 964 91597.08525207196 10178.874551226983
1140 177 16520.029999903567 10232.317244879943
1141 78 5664.367125730928 10255.778345352564
1142 87 6716.20911480374 10272.194302262931
1143 178 15438.53054711036 10247.093777431532
1144 202 18084.676587144935 10202.18779006807
1145 487 46074.57035662795 10195.907378962398
1146 1292 127751.32808747233 10192.900497200319
1147 167 14512.940915569325 10256.235532840568
1148 872 85988.85551885668 10185.344262919294
1149 655 65572.91720486125 10219.971964456106
1150 237 20197.88420077791 10261.418042919304
1151 526 49892.153782935595 10194.08601361989
1152 178 15134.362916423044 10223.412257505266
1153 94 7756.7564678903145 10301.089334690825
1154 96 7674.665929143085 10316.178497314453
1155 663 65217.60819780698 10191.649514222756
1156 88 6215.690077084042 10292.653642134233
1157 368 35832.023029988755 10202.659166418987
1158 777 76491.60419907946 10225.3868708273
1159 83 5924.234590341412 10354.655485222138
1160 374 36153.44456699952 10247.477512951204
1161 372 36156.97124968886 10211.139204784105
1162 458 44263.92191567251 10236.859261991676
1163 322 28545.452872957416 10254.322217100154
1164 276 23617.733554035432 10265.661352185236
1165 688 65982.7468016931 10242.184371593386
1166 1663 167205.39945649126 10246.723375606021
1167 274 24429.190494262963 10322.593411410811
1168 482 46005.37799633874 10259.801172280213
1169 2603 256910.98765274388 10248.3727002197
1170 76 5018.134123908867 10388.874768708882
1171 84 5632.491518418582 10426.931710379464
1172 596 57656.24354107583 10280.241622207948
1173 180 16384.462019509236 10338.831000434027
1174 669 64369.13866464336 10250.658660021954
1175 977 94334.60039573535 10266.331780362398
1176 129 11080.407955804894 10395.923169513082
1177 1951 191168.5810391016 10257.939514691985
1178 197 17648.905040950478 10388.098831099302
1179 375 34724.29741072981 10326.3328671875
1180 224 20380.93484175037 10304.664428710938
1181 385 35667.619903068895 10276.987053571429
1182 210 18455.532348463996 10308.477925037203
1183 482 45708.25536533156 10305.364462444892
1184 890 85014.362225812 10277.090538316363
1185 633 58086.95930466126 10275.657669332544
1186 465 43436.387853417604 10257.60848454301
1187 83 5697.991703635971 10374.931746517319
1188 391 35760.60414260585 10321.467341352301
1189 1104 110457.92292661493 10320.377443175385
1190 370 34740.58048641765 10324.561610536317
1191 375 35792.54438878521 10308.854861979167
1192 303 28003.27550671906 10347.87404599835
1193 1281 126999.71774002413 10318.10630961529
1194 587 53739.4577086263 10320.863394378193
1195 87 5409.177696755548 10450.604458512931
1196 956 96835.93389702168 10307.386179393305
1197 339 29331.376123371138 10309.487094395281
1198 377 35620.92485726756 10284.951964522546
1199 841 84755.64489938012 10315.636881316885
1200 542 55665.40745429965 10347.638412419281
1201 590 56637.43897120044 10324.72849245233
1202 582 55856.83833646521 10307.496283357495
1203 1305 124175.84991095519 10306.139878921216
1204 1118 108586.5341447857 10338.566385286225
1205 2064 211155.82375060933 10351.344766779463
1206 587 54673.05486242731 10367.881073985838
1207 1420 140303.31188384315 10341.953232284332
1208 595 56538.78162942905 10386.830811777836
1209 682 65809.52819762945 10381.46085588114
1210 300 28362.090987918775 10399.967067057292
1211 181 15570.913364125592 10364.77181888812
1212 1492 145360.01159104056 10400.79492711126
1213 95 5362.148950561684 10483.592238898027
1214 179 16082.641464055032 10419.32318217528
1215 190 16009.833651603654 10463.739262952302
1216 601 58289.96881182972 10414.09791623336
1217 753 74235.10539649532 10377.081880810092
1218 96 6143.037453034984 10483.8894144694
1219 179 14851.7785702988 10417.242711243016
1220 217 18777.16035370649 10411.48980234735
1221 138 10608.005326058765 10445.988656306612
1222 305 27759.92070299538 10426.066134093238
1223 264 23821.14677379197 10457.673121596828
1224 163 14160.096244387765 10460.507033646472
1225 178 16043.420516646009 10463.104173981741
1226 656 63104.94560184431 10416.131709401201
1227 670 64916.92599760052 10454.12756092584
1228 83 5878.31423984033 10531.074065794428
1229 289 25967.095061073407 10444.897937391868
1230 525 48006.61820770306 10431.752317708333
1231 882 85809.17910623785 10458.455784527352
1232 490 46199.02425775994 10437.243636399873
1233 748 73982.11428612348 10447.960169827875
1234 181 15779.76249225664 10474.620511049723
1235 528 49164.75663073275 10502.712873979048
1236 1055 103928.56627790355 10461.606377739929
1237 357 35269.98273671593 10484.936520702031
1238 614 59802.79424515476 10449.989644302219
1239 237 19861.976873621577 10452.94558857463
1240 184 16073.456835252206 10526.378120754076
1241 558 53584.55565439778 10450.899254802307
1242 276 23189.20548980036 10532.921991762907
1243 206 17954.292579926478 10481.268597352851
1244 372 33806.87358229265 10428.713058635753
1245 1965 193837.39612506254 10454.616970320452
1246 283 27070.536178993592 10547.062817469081
1247 589 55528.8951648762 10479.514441187393
1248 96 6673.733391198431 10646.443888346354
1249 468 43557.55767905974 10507.155402811164
1250 744 74969.92136943118 10506.324787098874
1251 205 17412.784633846404 10489.49911871189
1252 185 15642.217749197209 10508.662642525338
1253 87 6048.647101079598 10633.06420617816
1254 1244 121913.97583704583 10496.570215157757
1255 1060 103184.61426645439 10457.876091723172
1256 1626 161551.07585163665 10496.3336564518
1257 772 76932.37536393316 10480.88402561326
1258 1328 131707.4353022984 10490.53888821889
1259 185 15420.701835612199 10521.95140941723
1260 83 6336.419573479056 10630.826242469879
1261 1052 104415.54281201806 10515.469420226354
1262 1188 113654.95957931502 10519.84024325284
1263 362 35025.765676000185 10535.427718188881
1264 253 21741.230047054367 10551.1953626791
1265 389 36892.941827957475 10577.530825735057
1266 285 25995.105040842074 10531.35310444079
1267 99 6272.248798514296 10655.779730902777
1268 270 23143.05269513473 10554.854810474537
1269 502 50948.82852299546 10523.972286634711
1270 460 44566.19346638842 10536.844132133152
1271 689 67618.50587335064 10553.360042577558
1272 82 6398.7132993793275 10638.961890243903
1273 311 29414.44967873661 10537.179803682677
1274 90 6434.191869961673 10577.543207465278
1275 381 33759.63474334131 10556.950533649115
1276 182 15856.637162157358 10618.192007211539
1277 167 14262.308343471457 10598.450622193113
1278 201 15519.435770157947 10648.594153257152
1279 212 18149.81341572406 10600.172298791274
1280 183 15293.750571266422 10567.706305498634
1281 382 36518.228470972 10577.202580476931
1282 682 63118.152680953746 10537.222193743128
1283 468 44831.93690952858 10545.017626118457
1284 374 33321.40942692931 10571.980275526405
1285 375 34690.60066275464 10518.210984375
1286 234 18989.686887707598 10574.478857839209
1287 306 27068.120225177223 10600.765526067198
1288 92 6185.320524958482 10674.157428243885
1289 452 44775.28404912272 10584.774005721101
1290 366 34987.628011687004 10590.964624957309
1291 94 7475.850288044741 10681.715093085106
1292 1439 144486.9560653949 10569.310514300296
1293 175 15587.540570362273 10643.621400669643
1294 84 5943.704143111973 10700.603817894345
1295 1173 114335.84210963562 10575.227610660433
1296 515 45810.72810023294 10589.289109905947
1297 376 34421.536035063385 10601.286041909076
1298 85 5327.96860489556 10657.912362132352
1299 754 75438.42759907364 10575.051928775696
1300 579 57909.95089852368 10605.776213703584
1301 2403 235522.11599003032 10601.830541413077
1302 183 16035.10466843437 10699.096556950137
1303 308 27418.717146836832 10629.642711292614
1304 80 5840.456891424625 10681.707470703124
1305 1240 122390.876112306 10593.037594506048
1306 597 55992.28822600745 10579.459992017379
1307 506 46806.38910769398 10633.64501567132
1308 95 6556.448328112152 10677.899043996711
1309 102 6379.162885504542 10708.103132659313
1310 263 22085.82864188533 10605.430753178469
1311 277 23171.06141299181 10648.043571609882
1312 481 45467.76196988235 10625.520787990514
1313 274 24656.171925762934 10641.634708599453
1314 492 47142.56928372505 10632.78054536649
1315 2263 228346.27441620722 10625.740150657313
1316 1163 115723.14144811663 10657.467264583782
1317 570 57603.5050050218 10662.386867804276
1318 319 28036.883833247666 10739.48627302116
1319 521 49585.94287049435 10671.914879738484
1320 492 46809.8779296971 10674.536124872968
1321 230 20152.401129325262 10697.037300441576
1322 870 86599.16989930988 10653.711791711567
1323 2177 222611.41299329145 10655.674087853842
1324 745 75581.96262963052 10666.054413538172
1325 1183 114520.19322737116 10675.794998646186
1326 934 93491.08650484653 10663.09456240799
1327 1978 197914.50032591305 10678.196413971657
1328 669 65135.9647362208 10695.20821363509
1329 512 48948.33600062436 10686.655488967896
1330 1342 133161.71940839608 10724.873959400615
1331 826 83167.13233529034 10726.598704931523
1332 184 16298.711958462129 10773.46510381284
1333 88 6596.23808518453 10866.451793323864
1334 85 6369.832010279469 10852.549069393383
1335 384 37269.59393005766 10760.360214233398
1336 713 69951.26846496848 10744.824172181803
1337 1248 122529.02717536938 10749.657512958232
1338 264 23618.899437547167 10790.625244140625
1339 1117 112577.05241610648 10753.426755189683
1340 1146 118922.13168571977 10757.045339427901
1341 81 5940.091907964799 10826.79865933642
1342 167 14910.923973304349 10773.896928798653
1343 554 53332.2772926362 10772.181610658281
1300 370 34442.859335387526 8680.42025707348
1301 184 14992.013916426702 10588.690217391304
1302 186 14493.45325676478 10557.95419606855
1303 189 13929.49457867118 10536.61078042328
1304 179 14848.872031795341 10532.034648873952
1305 171 15704.58661649796 10543.654690926534
1306 493 45314.76830837042 10523.822717260395
1307 183 15533.781398615698 10573.07062734802
1308 510 49654.87049822852 10545.258974800858
1309 267 24556.75586785215 10587.13727835323
1310 377 35758.80695629993 10600.018453663793
1311 518 49771.905881291466 10596.769210756516
1312 1184 110578.09626074159 10599.605792071368
1313 308 27414.155832332897 10655.66820654931
1314 1161 103916.31315061753 10629.228122813038
1315 307 27496.189417100635 10674.266906937093
1316 87 5698.51144499617 10770.240077227012
1317 619 55979.45326293656 10658.131690794124
1318 687 62014.1775308223 10652.666734898108
1319 1845 174946.41877730863 10662.079368330793
1320 124 8203.624657369623 10782.362706338206
1321 86 6119.619448763284 10771.111475744912
1322 385 34954.572706019935 10694.3705078125
1323 288 26430.576767274375 10698.54571194119
1324 379 34923.71216557796 10690.440612631926
1325 668 61155.61240406223 10693.62516227311
1326 78 5149.9185795068015 10814.496481870994
1327 1936 178700.70900410213 10696.357239273953
1328 108 7035.783935706213 10789.634856047454
1329 293 23879.800713601646 10740.363061273465
1330 451 36365.73992654603 10720.00749636225
1331 80 5612.5240876139205 10856.622790527344
1332 400 35007.109927064994 10751.420817871094
1333 320 28978.48021788783 10768.8232421875
1334 296 28130.22272005403 10771.372268264358
1335 269 24800.647146183812 10762.057348542054
1336 184 15703.94795419733 10786.73337720788
1337 704 62241.78875803225 10755.74360518022
1338 289 25501.955071561893 10800.254024518816
1339 177 15242.442089073384 10828.79543498411
1340 83 6364.84239346466 10891.086208113706
1341 410 37880.42608661838 10799.781235708842
1342 258 23294.307258912435 10823.610673298208
1343 673 60055.849277429545 10805.8115234375
1344 91 6050.356473139331 10924.308218149039
1345 101 6386.226937960716 10907.557849241955
1346 557 51888.428934538155 10818.320645618267
1347 90 6125.3161886514445 10932.405240885417
1348 117 7083.54551980888 10892.959268162393
1349 192 14805.421110471212 10849.328114827475
1350 280 22047.75786882942 10838.954987444196
1351 393 33294.02496289065 10847.841297411736
1352 325 25745.917085783916 10849.818461538462
1353 495 42671.849792768924 10837.075224905304
1354 396 36234.342592502275 10858.689800840435
1355 116 7799.614397939317 10893.963825094288
1356 388 34336.588204103704 10858.668328668653
1357 619 61093.561500158234 10851.792097889742
1358 311 29348.822621780128 10864.474176045016
1359 652 63113.81600649731 10859.045902930886
1360 1130 117336.58174861285 10862.215800435564
1361 541 53132.957922349364 10909.168013877657
1362 83 6409.273138029235 11006.029791039156
1363 925 93851.9588359461 10897.935605996621
1364 481 49952.95560726631 10919.020475328092
1365 181 16109.710785111914 10975.522849404351
1366 365 36397.53392124661 10929.983066673802
1367 662 66338.36190934395 10924.693978946374
1368 650 64048.39527031457 10942.654720552884
1369 845 87285.38094043231 10946.377010909764
1370 375 34975.3575173162 10978.425997395834
1371 83 5997.204728768409 11072.697277390813
1372 297 28528.523303179933 10976.009463120792
1373 833 84172.92858955897 10950.596686721563
1374 1190 122557.8310366357 10954.84644088104
1375 875 88084.79773059663 10969.981762276786
1376 199 17254.471331482946 11028.556861455716
1377 368 36589.22703388552 10995.804565429688
1378 290 28880.433827101308 10990.32661637931
1379 168 15943.907282755434 11028.390659877232
1380 366 34933.05469681029 10995.443273992487
1381 454 46000.054757404025 10999.268735373073
1382 1109 112932.59543850781 10982.461639321742
1383 195 16976.72018312278 11043.087995793268
1384 82 5767.1875882595905 11111.181104706555
1385 1748 182616.55412375397 10979.844685220609
1386 174 15526.363707220913 11037.73337037536
1387 1836 196067.8324391801 10979.028683066108
1388 821 84214.01589645537 10974.138293620585
1389 837 84576.96181433402 10982.964588233646
1390 824 84487.36950756902 10978.175895024271
1391 366 35516.0887033777 10994.0219353014
1392 450 45148.06425480435 11001.339047309028
1393 307 27807.67940985238 11002.16876081535
1394 860 87786.18204948246 10975.031510038154
1395 1683 174675.3371813561 10969.65334816455
1396 711 75090.54267481364 10968.760913875703
1397 220 20046.16481599846 11005.46318359375
1398 102 7683.958320961924 11055.898044960171
1399 723 73494.13605759636 10966.96413732927
1400 80 6318.489884649407 11087.686389160157
1401 263 24038.57060303245 11000.95159146269
1402 384 35284.42531671281 10981.901224772135
1403 1005 104920.79137921242 10969.885019239739
1404 262 24241.398099075177 11006.175486790315
1405 263 25763.467333246193 10984.751273615731
1406 175 15890.734772629332 11015.845385044642
1407 641 61308.913189994324 10966.31930699103
1408 260 24637.875569156226 10993.017882361779
1409 70 5039.502070060541 11100.753111049107
1410 272 24605.88319718632 10993.675993077895
1411 363 35845.71728114914 10980.654493263602
1412 261 24959.68736210101 10988.626698694923
1413 535 53002.612650927644 10971.824894129673
1414 531 53915.290967453555 10981.212443723516
1415 273 26307.224792742418 10990.715462597298
1416 1566 164416.74164144218 10963.900954985831
1417 171 14742.219479576906 11036.311346399854
1418 815 81600.72763784451 10980.418525929832
1419 287 29239.795226568258 11019.43491057818
1420 1087 111758.2751017078 10973.083969102174
1421 367 35373.75758067726 11001.93411795385
1422 97 6899.530137481601 11098.334276336984
1423 563 55122.805564932765 10995.87645356905
1424 1684 172688.53061909 10979.862371956651
1425 728 72651.67876790263 11004.782853011247
1426 87 6556.2959534907 11103.183189655172
1427 1926 197182.4054308251 11005.914687175493
1428 1398 145956.8385265156 11025.03883617221
1429 832 81293.9968670382 11031.076822134164
1430 1604 162172.02979747852 11042.999181733167
1431 269 23588.078244450866 11084.751281511384
1432 79 5505.059791359457 11159.2451171875
1433 865 88342.52448940027 11060.144638502528
1434 364 35403.15141488204 11083.933427412432
1435 367 36233.52853478344 11071.625745061308
1436 1092 115580.5373497446 11055.538559015855
1437 176 15827.60789425726 11112.37931130149
1438 371 35123.2524944204 11067.845263540263
1439 362 34088.70012113948 11094.022563449586
1440 1364 141239.7765881331 11071.68904359879
1441 264 25117.412453539248 11119.832341974432
1442 564 54225.20488993042 11079.76557478668
1443 88 6338.75530185352 11168.171153675426
1444 438 45523.49651076599 11104.259926155823
1445 383 37795.186479712625 11102.24845993799
1446 83 5722.553453210182 11203.083231362953
1447 1662 167978.58950321662 11078.365042235448
1448 1424 144300.1946133176 11089.164455456681
1449 345 33848.299808968026 11122.6384057971
1450 89 7089.697888392009 11215.901235516152
1451 84 6591.339036179415 11234.569754464286
1452 928 93303.52822730293 11101.590544601966
1453 356 34703.19384429357 11128.469819829705
1454 1744 183715.2194110343 11109.78334815349
1455 1002 99795.58700551727 11132.015505122567
1456 84 6031.667574000816 11269.322544642857
1457 1668 172962.89859209405 11140.01218009967
1458 1281 134932.32582137242 11152.761380269321
1459 95 7296.392938946983 11259.760875822369
1460 1562 161654.4764624071 11164.79443109295
1461 94 6627.20634556381 11291.638131648937
1462 162 15371.83925178667 11269.506124614198
1463 160 15948.815427709904 11226.101318359375
1464 443 44458.110984724684 11177.95985953372
1465 262 22700.553763757554 11212.967531160544
1466 359 36101.036157614355 11215.976755636317
1467 636 64736.53266399902 11196.352235038325
1468 491 46153.5705084078 11207.126149599033
1469 287 27759.522521749543 11224.653296493903
1470 1467 151746.6715546051 11215.568628978144
1471 923 95944.66399745591 11221.703280530539
1472 163 16337.390342430746 11275.7872351898
1473 637 64572.74517118226 11235.262157206633
1474 78 4975.555707681266 11371.098294771635
1475 1127 115839.16782273175 11238.47174121007
1476 1645 176239.2707203446 11247.630620725684
1477 224 19251.135282120096 11302.90267944336
1478 300 28676.480135965652 11277.593411458334
1479 1668 173720.04418737083 11261.68063713092
1480 451 46029.2274617702 11281.945821351857
1481 550 54157.536605934605 11292.850964133522
1482 1092 117821.46319005145 11274.13103465545
1483 1178 123464.21536133847 11293.009851012044
1484 905 96434.3110037902 11290.853915961672
1485 440 44189.692904879164 11311.987222567472
1486 88 5676.412246455262 11400.22275612571
1487 261 24413.225908809036 11357.013267780172
1488 83 6349.052408378707 11441.484563253012
1489 2495 260808.39178685696 11308.88203281563
1490 369 36073.66695256667 11337.27753165227
1491 357 35290.89577650931 11338.429829744398
1492 568 57202.876319016366 11354.828945106185
1493 94 6386.158159177508 11436.89671293218
1494 994 104187.3420238116 11326.592896244656
1495 293 25944.969728776945 11362.754629506186
1496 1533 160937.3827282656 11338.492924540322
1497 1527 160067.04638038625 11352.919192810657
1499 160 12978.877667960616 11463.411572265624
1500 577 57109.36744603462 11423.283473922227
1501 218 20309.61410089082 11465.915513904816
1502 614 63558.214292605444 11423.788699867671
1503 1086 113012.39904448764 11420.673402789767
1504 1914 200822.49123899522 11419.808750387769
1505 226 20684.56797671838 11468.500505565542
1506 221 18057.690840303687 11477.789879984446
1507 1747 181181.99963104902 11440.192392874393
1508 2146 220907.84648058758 11443.577202134786
1509 1369 139301.99602942192 11470.462694456492
1510 359 35184.2131141084 11503.443432821205
1511 1362 145186.5885256924 11477.012178351
1512 808 82657.44365869292 11498.622906675433
1513 85 5876.936566010976 11617.468715533088
1514 99 5531.59699581021 11647.43877249053
1515 909 92597.52168340037 11495.310200941969
1516 1113 117128.41669297275 11511.949239807951
1517 1460 155968.76902043648 11518.812462542808
1518 634 65820.87907612244 11532.988963611495
1519 534 52788.574330514086 11550.03689358029
1520 846 85223.49748605907 11539.36648335919
1521 555 56912.85457525513 11542.615721776465
1522 2541 264127.415218564 11549.816667973362
1523 1286 133296.31167980714 11574.206428302392
1524 577 57272.49885352969 11587.039346837088
1525 373 34595.33668046234 11592.580811201407
1526 921 96729.63733262243 11589.055461539767
1527 88 6189.241359837767 11708.192338423296
1528 2370 252355.0216452186 11598.861994412578
1529 163 14585.159857936791 11670.603317916028
1530 349 34046.80319328988 11636.23924102346
1531 535 54118.474137589525 11630.509345794393
1532 2044 215717.87447209423 11622.853031643683
1533 629 65412.146785468394 11657.771228202007
1534 353 34734.28808946909 11667.658571064978
1535 608 64126.18864111621 11654.631344443873
1536 357 36206.61818908412 11665.696176908263
1537 1197 122092.10571459212 11650.505892824509
1538 1912 208479.28598438005 11655.024856886605
1539 1409 145579.44213579115 11668.328048760202
1540 539 52728.794834613 11695.024354272959
1541 363 33776.38829572138 11708.318106491048
1542 269 24289.774852449234 11705.07077355367
1543 987 102702.69279834635 11691.88418681136
1544 557 56767.316977522714 11716.893787870287
1545 630 63551.07953113117 11712.717196800595
1546 3299 352203.112935794 11715.10008329939
1547 79 5073.29036401965 11875.28382120253
1548 567 57062.68203722567 11753.407453910384
1549 784 78674.3232470016 11754.311598174427
1550 709 73765.84824127496 11759.857319948871
1551 97 7676.293511631838 11880.284783746778
1552 1074 112113.48095064797 11760.443989503317
1553 1833 192838.49500282624 11775.271700678533
1554 1321 135007.94630905284 11795.61229877342
1555 1651 173320.90205035772 11817.257050059623
1556 215 20961.18505178132 11879.654192405524
1557 268 25428.436586697848 11857.914164528918
1558 1995 213634.5388765481 11836.218379444705
1559 260 25154.036850323122 11883.79071890024
1560 197 17746.578252932315 11908.200433256663
1562 1921 201317.81900655135 11962.034401333127
1563 781 78694.71538230902 11988.490772047055
1564 526 53292.74791730352 12012.256611290994
1565 1737 183537.55932610526 12007.157339004929
1566 1727 182916.28846879845 12028.66393413886
1567 372 34789.86221390703 12058.336433656754
1568 1183 127173.26117768005 12046.727175018492
1569 289 28735.92935105518 12079.706341911764
1570 367 35501.12942390926 12082.889504747105
1571 2946 319487.69153037656 12068.15301932175
1572 801 83130.35522180516 12096.083977059925
1573 259 24312.256973521056 12136.068728885135
1574 3306 357569.42407431477 12107.545559624074
1575 1659 178646.79237537508 12139.491415197408
1576 4254 453929.63694741036 12160.50363169223
1577 627 65527.371266108516 12200.682857044956
1578 1122 114553.97356118642 12190.158873314951
1579 374 35380.12000963847 12218.942748370655
1580 359 35186.778764169685 12237.1932043219
1581 554 58008.295555426565 12225.717865100407
1582 1200 124194.81132935238 12222.351208496093
1583 1339 135390.82977738156 12240.787375577624
1584 1117 115717.36056385523 12257.491562395087
1585 944 97289.64284076796 12274.093966209282
1586 904 95961.29694764492 12278.075519392976
