0 0.09 9
1 0.23000000000000007 23
2 0.5600000000000003 56
3 0.8900000000000006 89
4 1.0100000000000007 101
5 0.4400000000000002 44
6 0.19000000000000003 19
7 1.0400000000000007 104
8 1.360000000000001 136
9 2.0000000000000013 200
10 1.6700000000000013 167
11 0.2800000000000001 28
12 1.310000000000001 131
13 2.0000000000000013 200
14 2.0000000000000013 200
15 1.0400000000000007 104
16 1.0300000000000007 103
17 1.7900000000000014 179
18 2.0000000000000013 200
19 1.5300000000000011 153
20 1.5600000000000012 156
21 2.0000000000000013 200
22 2.0000000000000013 200
23 2.0000000000000013 200
24 2.0000000000000013 200
25 2.0000000000000013 200
26 2.0000000000000013 200
27 2.0000000000000013 200
28 1.470000000000001 147
29 2.0000000000000013 200
30 1.9400000000000015 194
31 1.9800000000000015 198
32 1.7300000000000013 173
33 1.320000000000001 132
34 0.48000000000000026 48
35 1.7900000000000014 179
36 2.0000000000000013 200
37 2.0000000000000013 200
38 2.0000000000000013 200
39 0.9500000000000006 95
40 1.7500000000000013 175
41 1.7900000000000014 179
42 2.0000000000000013 200
43 2.0000000000000013 200
44 1.7000000000000013 170
45 1.300000000000001 130
46 2.0000000000000013 200
47 2.0000000000000013 200
48 2.0000000000000013 200
49 2.0000000000000013 200
50 2.0000000000000013 200
51 2.0000000000000013 200
52 1.8100000000000014 181
53 1.260000000000001 126
54 1.310000000000001 131
55 1.5400000000000011 154
56 1.6300000000000012 163
57 1.7800000000000014 178
58 2.0000000000000013 200
59 2.0000000000000013 200
60 2.0000000000000013 200
61 2.0000000000000013 200
62 0.3300000000000001 33
63 1.0400000000000007 104
64 1.450000000000001 145
65 1.7000000000000013 170
66 1.8400000000000014 184
67 1.8700000000000014 187
68 2.0000000000000013 200
69 2.0000000000000013 200
70 2.0000000000000013 200
71 2.0000000000000013 200
72 2.0000000000000013 200
73 2.0000000000000013 200
74 2.0000000000000013 200
75 2.0000000000000013 200
76 2.0000000000000013 200
77 2.0000000000000013 200
78 1.6000000000000012 160
79 1.290000000000001 129
80 1.330000000000001 133
81 1.350000000000001 135
82 1.7400000000000013 174
83 1.9100000000000015 191
84 2.0000000000000013 200
85 2.0000000000000013 200
86 2.0000000000000013 200
87 2.0000000000000013 200
88 2.0000000000000013 200
89 2.0000000000000013 200
90 0.7100000000000004 71
91 2.0000000000000013 200
92 2.0000000000000013 200
93 2.0000000000000013 200
94 1.8300000000000014 183
95 2.0000000000000013 200
96 2.0000000000000013 200
97 2.0000000000000013 200
98 2.0000000000000013 200
99 2.0000000000000013 200
100 2.0000000000000013 200
101 2.0000000000000013 200
102 2.0000000000000013 200
103 2.0000000000000013 200
104 2.0000000000000013 200
105 2.0000000000000013 200
106 2.0000000000000013 200
107 2.0000000000000013 200
108 2.0000000000000013 200
109 2.0000000000000013 200
110 2.0000000000000013 200
111 2.0000000000000013 200
112 2.0000000000000013 200
113 0.7900000000000005 79
114 2.0000000000000013 200
115 2.0000000000000013 200
116 2.0000000000000013 200
117 2.0000000000000013 200
118 2.0000000000000013 200
119 2.0000000000000013 200
120 2.0000000000000013 200
121 2.0000000000000013 200
122 2.0000000000000013 200
123 1.0600000000000007 106
124 2.0000000000000013 200
125 2.0000000000000013 200
126 2.0000000000000013 200
127 2.0000000000000013 200
128 2.0000000000000013 200
129 2.0000000000000013 200
130 2.0000000000000013 200
131 2.0000000000000013 200
132 2.0000000000000013 200
133 2.0000000000000013 200
134 2.0000000000000013 200
135 2.0000000000000013 200
136 2.0000000000000013 200
137 2.0000000000000013 200
138 2.0000000000000013 200
139 2.0000000000000013 200
140 2.0000000000000013 200
141 2.0000000000000013 200
142 2.0000000000000013 200
143 2.0000000000000013 200
144 2.0000000000000013 200
145 2.0000000000000013 200
146 2.0000000000000013 200
147 2.0000000000000013 200
148 2.0000000000000013 200
149 2.0000000000000013 200
150 2.0000000000000013 200
151 2.0000000000000013 200
152 2.0000000000000013 200
153 2.0000000000000013 200
154 2.0000000000000013 200
155 2.0000000000000013 200
156 2.0000000000000013 200
157 2.0000000000000013 200
158 2.0000000000000013 200
159 2.0000000000000013 200
160 2.0000000000000013 200
161 2.0000000000000013 200
162 2.0000000000000013 200
163 2.0000000000000013 200
164 2.0000000000000013 200
165 2.0000000000000013 200
166 2.0000000000000013 200
167 2.0000000000000013 200
168 2.0000000000000013 200
169 2.0000000000000013 200
170 2.0000000000000013 200
171 2.0000000000000013 200
172 2.0000000000000013 200
173 2.0000000000000013 200
174 2.0000000000000013 200
175 2.0000000000000013 200
176 2.0000000000000013 200
177 2.0000000000000013 200
178 2.0000000000000013 200
179 2.0000000000000013 200
180 2.0000000000000013 200
181 2.0000000000000013 200
182 2.0000000000000013 200
183 2.0000000000000013 200
184 2.0000000000000013 200
185 2.0000000000000013 200
186 2.0000000000000013 200
187 2.0000000000000013 200
188 2.0000000000000013 200
189 2.0000000000000013 200
190 2.0000000000000013 200
191 2.0000000000000013 200
192 2.0000000000000013 200
193 2.0000000000000013 200
194 2.0000000000000013 200
195 2.0000000000000013 200
196 0.7400000000000004 74
197 2.0000000000000013 200
198 2.0000000000000013 200
199 2.0000000000000013 200
200 2.0000000000000013 200
201 2.0000000000000013 200
202 2.0000000000000013 200
203 2.0000000000000013 200
204 2.0000000000000013 200
205 2.0000000000000013 200
206 2.0000000000000013 200
207 2.0000000000000013 200
208 2.0000000000000013 200
209 2.0000000000000013 200
210 0.4200000000000002 42
211 2.0000000000000013 200
212 2.0000000000000013 200
213 2.0000000000000013 200
214 2.0000000000000013 200
215 2.0000000000000013 200
216 0.8600000000000005 86
217 2.0000000000000013 200
218 2.0000000000000013 200
219 2.0000000000000013 200
220 0.8300000000000005 83
221 2.0000000000000013 200
222 2.0000000000000013 200
223 2.0000000000000013 200
224 2.0000000000000013 200
225 2.0000000000000013 200
226 2.0000000000000013 200
227 2.0000000000000013 200
228 2.0000000000000013 200
229 2.0000000000000013 200
230 2.0000000000000013 200
231 2.0000000000000013 200
232 2.0000000000000013 200
233 2.0000000000000013 200
234 2.0000000000000013 200
235 2.0000000000000013 200
236 2.0000000000000013 200
237 2.0000000000000013 200
238 2.0000000000000013 200
239 2.0000000000000013 200
240 2.0000000000000013 200
241 0.6900000000000004 69
242 2.0000000000000013 200
243 2.0000000000000013 200
244 2.0000000000000013 200
245 2.0000000000000013 200
246 2.0000000000000013 200
247 2.0000000000000013 200
248 2.0000000000000013 200
249 2.0000000000000013 200
250 2.0000000000000013 200
251 2.0000000000000013 200
252 2.0000000000000013 200
253 2.0000000000000013 200
254 2.0000000000000013 200
255 2.0000000000000013 200
256 2.0000000000000013 200
257 2.0000000000000013 200
258 2.0000000000000013 200
259 2.0000000000000013 200
260 2.0000000000000013 200
261 2.0000000000000013 200
262 2.0000000000000013 200
263 2.0000000000000013 200
264 2.0000000000000013 200
265 2.0000000000000013 200
266 2.0000000000000013 200
267 2.0000000000000013 200
268 2.0000000000000013 200
269 2.0000000000000013 200
270 2.0000000000000013 200
271 2.0000000000000013 200
272 2.0000000000000013 200
273 2.0000000000000013 200
274 2.0000000000000013 200
275 2.0000000000000013 200
276 2.0000000000000013 200
277 2.0000000000000013 200
278 1.340000000000001 134
279 2.0000000000000013 200
280 2.0000000000000013 200
281 2.0000000000000013 200
282 2.0000000000000013 200
283 0.9400000000000006 94
284 2.0000000000000013 200
285 2.0000000000000013 200
286 1.0600000000000007 106
287 2.0000000000000013 200
288 2.0000000000000013 200
289 2.0000000000000013 200
290 2.0000000000000013 200
291 2.0000000000000013 200
292 2.0000000000000013 200
293 2.0000000000000013 200
294 2.0000000000000013 200
295 2.0000000000000013 200
296 2.0000000000000013 200
297 2.0000000000000013 200
298 0.6200000000000003 62
299 2.0000000000000013 200
300 2.0000000000000013 200
301 2.0000000000000013 200
302 2.0000000000000013 200
303 2.0000000000000013 200
304 2.0000000000000013 200
305 2.0000000000000013 200
306 2.0000000000000013 200
307 2.0000000000000013 200
308 2.0000000000000013 200
309 2.0000000000000013 200
310 2.0000000000000013 200
311 2.0000000000000013 200
312 2.0000000000000013 200
313 2.0000000000000013 200
314 2.0000000000000013 200
315 2.0000000000000013 200
316 2.0000000000000013 200
317 2.0000000000000013 200
318 2.0000000000000013 200
319 2.0000000000000013 200
320 2.0000000000000013 200
321 2.0000000000000013 200
322 2.0000000000000013 200
323 2.0000000000000013 200
324 2.0000000000000013 200
325 2.0000000000000013 200
326 2.0000000000000013 200
327 0.2900000000000001 29
328 2.0000000000000013 200
329 2.0000000000000013 200
330 2.0000000000000013 200
331 2.0000000000000013 200
332 2.0000000000000013 200
333 2.0000000000000013 200
334 2.0000000000000013 200
335 2.0000000000000013 200
336 2.0000000000000013 200
337 2.0000000000000013 200
338 2.0000000000000013 200
339 2.0000000000000013 200
340 2.0000000000000013 200
341 2.0000000000000013 200
342 1.0500000000000007 105
343 2.0000000000000013 200
344 2.0000000000000013 200
345 2.0000000000000013 200
346 2.0000000000000013 200
347 2.0000000000000013 200
348 2.0000000000000013 200
349 2.0000000000000013 200
350 2.0000000000000013 200
351 2.0000000000000013 200
352 2.0000000000000013 200
353 2.0000000000000013 200
354 2.0000000000000013 200
355 2.0000000000000013 200
356 2.0000000000000013 200
357 2.0000000000000013 200
358 2.0000000000000013 200
359 2.0000000000000013 200
360 2.0000000000000013 200
361 2.0000000000000013 200
362 2.0000000000000013 200
363 2.0000000000000013 200
364 2.0000000000000013 200
365 2.0000000000000013 200
366 2.0000000000000013 200
367 0.46000000000000024 46
368 0.4300000000000002 43
369 2.0000000000000013 200
370 2.0000000000000013 200
371 2.0000000000000013 200
372 2.0000000000000013 200
373 2.0000000000000013 200
374 2.0000000000000013 200
375 2.0000000000000013 200
376 2.0000000000000013 200
377 2.0000000000000013 200
378 2.0000000000000013 200
379 2.0000000000000013 200
380 2.0000000000000013 200
381 2.0000000000000013 200
382 2.0000000000000013 200
383 2.0000000000000013 200
384 2.0000000000000013 200
385 2.0000000000000013 200
386 2.0000000000000013 200
387 2.0000000000000013 200
388 0.8400000000000005 84
389 2.0000000000000013 200
390 1.380000000000001 138
391 2.0000000000000013 200
392 2.0000000000000013 200
393 1.2500000000000009 125
394 2.0000000000000013 200
395 2.0000000000000013 200
396 1.8100000000000014 181
397 2.0000000000000013 200
398 2.0000000000000013 200
399 2.0000000000000013 200
400 2.0000000000000013 200
401 2.0000000000000013 200
402 2.0000000000000013 200
403 2.0000000000000013 200
404 2.0000000000000013 200
405 2.0000000000000013 200
406 2.0000000000000013 200
407 2.0000000000000013 200
408 2.0000000000000013 200
409 2.0000000000000013 200
410 2.0000000000000013 200
411 2.0000000000000013 200
412 2.0000000000000013 200
413 2.0000000000000013 200
414 2.0000000000000013 200
415 2.0000000000000013 200
416 2.0000000000000013 200
417 0.5400000000000003 54
418 2.0000000000000013 200
419 2.0000000000000013 200
420 2.0000000000000013 200
421 2.0000000000000013 200
422 2.0000000000000013 200
423 2.0000000000000013 200
424 2.0000000000000013 200
425 1.6200000000000012 162
426 2.0000000000000013 200
427 2.0000000000000013 200
428 2.0000000000000013 200
429 2.0000000000000013 200
430 2.0000000000000013 200
431 0.8900000000000006 89
432 2.0000000000000013 200
433 2.0000000000000013 200
434 2.0000000000000013 200
435 2.0000000000000013 200
436 2.0000000000000013 200
437 2.0000000000000013 200
438 0.6000000000000003 60
439 2.0000000000000013 200
440 2.0000000000000013 200
441 2.0000000000000013 200
442 2.0000000000000013 200
443 2.0000000000000013 200
444 2.0000000000000013 200
445 2.0000000000000013 200
446 2.0000000000000013 200
447 2.0000000000000013 200
448 2.0000000000000013 200
449 2.0000000000000013 200
450 2.0000000000000013 200
451 2.0000000000000013 200
452 2.0000000000000013 200
453 2.0000000000000013 200
454 2.0000000000000013 200
455 2.0000000000000013 200
456 2.0000000000000013 200
457 2.0000000000000013 200
458 2.0000000000000013 200
459 2.0000000000000013 200
460 2.0000000000000013 200
461 2.0000000000000013 200
462 2.0000000000000013 200
463 2.0000000000000013 200
464 2.0000000000000013 200
465 2.0000000000000013 200
466 2.0000000000000013 200
467 2.0000000000000013 200
468 2.0000000000000013 200
469 2.0000000000000013 200
470 2.0000000000000013 200
471 2.0000000000000013 200
472 2.0000000000000013 200
473 2.0000000000000013 200
474 2.0000000000000013 200
475 2.0000000000000013 200
476 2.0000000000000013 200
477 2.0000000000000013 200
478 2.0000000000000013 200
479 2.0000000000000013 200
480 2.0000000000000013 200
481 2.0000000000000013 200
482 2.0000000000000013 200
483 2.0000000000000013 200
484 2.0000000000000013 200
485 2.0000000000000013 200
486 2.0000000000000013 200
487 2.0000000000000013 200
488 2.0000000000000013 200
489 2.0000000000000013 200
490 2.0000000000000013 200
491 2.0000000000000013 200
492 2.0000000000000013 200
493 2.0000000000000013 200
494 2.0000000000000013 200
495 2.0000000000000013 200
496 2.0000000000000013 200
497 2.0000000000000013 200
498 2.0000000000000013 200
499 2.0000000000000013 200
500 2.0000000000000013 200
501 2.0000000000000013 200
502 2.0000000000000013 200
503 2.0000000000000013 200
504 2.0000000000000013 200
505 2.0000000000000013 200
506 2.0000000000000013 200
507 2.0000000000000013 200
508 2.0000000000000013 200
509 2.0000000000000013 200
510 2.0000000000000013 200
511 2.0000000000000013 200
512 2.0000000000000013 200
513 2.0000000000000013 200
514 2.0000000000000013 200
515 2.0000000000000013 200
516 2.0000000000000013 200
517 2.0000000000000013 200
518 2.0000000000000013 200
519 2.0000000000000013 200
520 2.0000000000000013 200
521 2.0000000000000013 200
522 2.0000000000000013 200
523 1.1600000000000008 116
524 2.0000000000000013 200
525 2.0000000000000013 200
526 2.0000000000000013 200
527 2.0000000000000013 200
528 2.0000000000000013 200
529 2.0000000000000013 200
530 2.0000000000000013 200
531 2.0000000000000013 200
532 2.0000000000000013 200
533 2.0000000000000013 200
534 2.0000000000000013 200
535 2.0000000000000013 200
536 2.0000000000000013 200
537 2.0000000000000013 200
538 2.0000000000000013 200
539 2.0000000000000013 200
540 2.0000000000000013 200
541 2.0000000000000013 200
542 2.0000000000000013 200
543 2.0000000000000013 200
544 2.0000000000000013 200
545 2.0000000000000013 200
546 2.0000000000000013 200
547 2.0000000000000013 200
548 2.0000000000000013 200
549 1.360000000000001 136
550 1.1200000000000008 112
551 2.0000000000000013 200
552 2.0000000000000013 200
553 2.0000000000000013 200
554 0.8200000000000005 82
555 2.0000000000000013 200
556 2.0000000000000013 200
557 2.0000000000000013 200
558 2.0000000000000013 200
559 0.5200000000000002 52
560 2.0000000000000013 200
561 2.0000000000000013 200
562 2.0000000000000013 200
563 2.0000000000000013 200
564 2.0000000000000013 200
565 2.0000000000000013 200
566 2.0000000000000013 200
567 2.0000000000000013 200
568 2.0000000000000013 200
569 2.0000000000000013 200
570 2.0000000000000013 200
571 2.0000000000000013 200
572 2.0000000000000013 200
573 2.0000000000000013 200
574 1.460000000000001 146
575 2.0000000000000013 200
576 2.0000000000000013 200
577 2.0000000000000013 200
578 2.0000000000000013 200
579 2.0000000000000013 200
580 2.0000000000000013 200
581 2.0000000000000013 200
582 2.0000000000000013 200
583 2.0000000000000013 200
584 2.0000000000000013 200
585 2.0000000000000013 200
586 2.0000000000000013 200
587 2.0000000000000013 200
588 2.0000000000000013 200
589 2.0000000000000013 200
590 2.0000000000000013 200
591 2.0000000000000013 200
592 2.0000000000000013 200
593 2.0000000000000013 200
594 2.0000000000000013 200
595 2.0000000000000013 200
596 2.0000000000000013 200
597 2.0000000000000013 200
598 2.0000000000000013 200
599 2.0000000000000013 200
600 2.0000000000000013 200
601 2.0000000000000013 200
602 2.0000000000000013 200
603 2.0000000000000013 200
604 2.0000000000000013 200
605 2.0000000000000013 200
606 2.0000000000000013 200
607 2.0000000000000013 200
608 2.0000000000000013 200
609 2.0000000000000013 200
610 2.0000000000000013 200
611 2.0000000000000013 200
612 2.0000000000000013 200
613 2.0000000000000013 200
614 2.0000000000000013 200
615 1.6900000000000013 169
616 2.0000000000000013 200
617 0.7500000000000004 75
618 2.0000000000000013 200
619 2.0000000000000013 200
620 2.0000000000000013 200
621 2.0000000000000013 200
622 2.0000000000000013 200
623 2.0000000000000013 200
624 2.0000000000000013 200
625 2.0000000000000013 200
626 2.0000000000000013 200
627 2.0000000000000013 200
628 2.0000000000000013 200
629 2.0000000000000013 200
630 2.0000000000000013 200
631 2.0000000000000013 200
632 2.0000000000000013 200
633 2.0000000000000013 200
634 2.0000000000000013 200
635 2.0000000000000013 200
636 2.0000000000000013 200
637 2.0000000000000013 200
638 2.0000000000000013 200
639 2.0000000000000013 200
640 1.5900000000000012 159
641 2.0000000000000013 200
642 2.0000000000000013 200
643 2.0000000000000013 200
644 2.0000000000000013 200
645 2.0000000000000013 200
646 1.5200000000000011 152
647 2.0000000000000013 200
648 2.0000000000000013 200
649 2.0000000000000013 200
650 2.0000000000000013 200
651 2.0000000000000013 200
652 2.0000000000000013 200
653 2.0000000000000013 200
654 2.0000000000000013 200
655 2.0000000000000013 200
656 2.0000000000000013 200
657 2.0000000000000013 200
658 2.0000000000000013 200
659 2.0000000000000013 200
660 2.0000000000000013 200
661 2.0000000000000013 200
662 2.0000000000000013 200
663 1.480000000000001 148
664 2.0000000000000013 200
665 2.0000000000000013 200
666 2.0000000000000013 200
667 2.0000000000000013 200
668 2.0000000000000013 200
669 2.0000000000000013 200
670 2.0000000000000013 200
671 2.0000000000000013 200
672 2.0000000000000013 200
673 2.0000000000000013 200
674 2.0000000000000013 200
675 2.0000000000000013 200
676 2.0000000000000013 200
677 2.0000000000000013 200
678 2.0000000000000013 200
679 2.0000000000000013 200
680 2.0000000000000013 200
681 2.0000000000000013 200
682 2.0000000000000013 200
683 2.0000000000000013 200
684 2.0000000000000013 200
685 2.0000000000000013 200
686 2.0000000000000013 200
687 2.0000000000000013 200
688 2.0000000000000013 200
689 2.0000000000000013 200
690 2.0000000000000013 200
691 2.0000000000000013 200
692 2.0000000000000013 200
693 0.9700000000000006 97
694 2.0000000000000013 200
695 2.0000000000000013 200
696 2.0000000000000013 200
697 2.0000000000000013 200
698 2.0000000000000013 200
699 2.0000000000000013 200
700 2.0000000000000013 200
701 2.0000000000000013 200
702 2.0000000000000013 200
703 2.0000000000000013 200
704 2.0000000000000013 200
705 2.0000000000000013 200
706 2.0000000000000013 200
707 2.0000000000000013 200
708 1.8900000000000015 189
709 2.0000000000000013 200
710 2.0000000000000013 200
711 1.7200000000000013 172
712 2.0000000000000013 200
713 2.0000000000000013 200
714 1.6400000000000012 164
715 2.0000000000000013 200
716 2.0000000000000013 200
717 1.390000000000001 139
718 2.0000000000000013 200
719 2.0000000000000013 200
720 2.0000000000000013 200
721 2.0000000000000013 200
722 2.0000000000000013 200
723 2.0000000000000013 200
724 2.0000000000000013 200
725 2.0000000000000013 200
726 2.0000000000000013 200
727 2.0000000000000013 200
728 2.0000000000000013 200
729 2.0000000000000013 200
730 2.0000000000000013 200
731 2.0000000000000013 200
732 2.0000000000000013 200
733 2.0000000000000013 200
734 2.0000000000000013 200
735 2.0000000000000013 200
736 2.0000000000000013 200
737 2.0000000000000013 200
738 2.0000000000000013 200
739 2.0000000000000013 200
740 2.0000000000000013 200
741 2.0000000000000013 200
742 2.0000000000000013 200
743 2.0000000000000013 200
744 2.0000000000000013 200
745 2.0000000000000013 200
746 2.0000000000000013 200
747 2.0000000000000013 200
748 2.0000000000000013 200
749 2.0000000000000013 200
750 2.0000000000000013 200
751 2.0000000000000013 200
752 2.0000000000000013 200
753 2.0000000000000013 200
754 2.0000000000000013 200
755 2.0000000000000013 200
756 2.0000000000000013 200
757 2.0000000000000013 200
758 2.0000000000000013 200
759 2.0000000000000013 200
760 2.0000000000000013 200
761 2.0000000000000013 200
762 2.0000000000000013 200
763 2.0000000000000013 200
764 2.0000000000000013 200
765 2.0000000000000013 200
766 2.0000000000000013 200
767 2.0000000000000013 200
768 2.0000000000000013 200
769 2.0000000000000013 200
770 2.0000000000000013 200
771 2.0000000000000013 200
772 2.0000000000000013 200
773 2.0000000000000013 200
774 2.0000000000000013 200
775 2.0000000000000013 200
776 2.0000000000000013 200
777 2.0000000000000013 200
778 2.0000000000000013 200
779 2.0000000000000013 200
780 2.0000000000000013 200
781 2.0000000000000013 200
782 2.0000000000000013 200
783 2.0000000000000013 200
784 2.0000000000000013 200
785 2.0000000000000013 200
786 2.0000000000000013 200
787 2.0000000000000013 200
788 2.0000000000000013 200
789 2.0000000000000013 200
790 2.0000000000000013 200
791 2.0000000000000013 200
792 2.0000000000000013 200
793 2.0000000000000013 200
794 2.0000000000000013 200
795 2.0000000000000013 200
796 2.0000000000000013 200
797 2.0000000000000013 200
798 2.0000000000000013 200
799 2.0000000000000013 200
800 2.0000000000000013 200
801 2.0000000000000013 200
802 2.0000000000000013 200
803 2.0000000000000013 200
804 2.0000000000000013 200
805 2.0000000000000013 200
806 2.0000000000000013 200
807 2.0000000000000013 200
808 2.0000000000000013 200
809 2.0000000000000013 200
810 2.0000000000000013 200
811 2.0000000000000013 200
812 2.0000000000000013 200
813 2.0000000000000013 200
814 2.0000000000000013 200
815 2.0000000000000013 200
816 2.0000000000000013 200
817 2.0000000000000013 200
818 2.0000000000000013 200
819 2.0000000000000013 200
820 2.0000000000000013 200
821 2.0000000000000013 200
822 2.0000000000000013 200
823 2.0000000000000013 200
824 2.0000000000000013 200
825 2.0000000000000013 200
826 2.0000000000000013 200
827 2.0000000000000013 200
828 2.0000000000000013 200
829 2.0000000000000013 200
830 2.0000000000000013 200
831 2.0000000000000013 200
832 2.0000000000000013 200
833 2.0000000000000013 200
834 2.0000000000000013 200
835 2.0000000000000013 200
836 2.0000000000000013 200
837 2.0000000000000013 200
838 2.0000000000000013 200
839 2.0000000000000013 200
840 2.0000000000000013 200
841 2.0000000000000013 200
842 2.0000000000000013 200
843 2.0000000000000013 200
844 2.0000000000000013 200
845 2.0000000000000013 200
846 2.0000000000000013 200
847 2.0000000000000013 200
848 2.0000000000000013 200
849 2.0000000000000013 200
850 2.0000000000000013 200
851 2.0000000000000013 200
852 2.0000000000000013 200
853 2.0000000000000013 200
854 2.0000000000000013 200
855 2.0000000000000013 200
856 2.0000000000000013 200
857 2.0000000000000013 200
858 2.0000000000000013 200
859 2.0000000000000013 200
860 2.0000000000000013 200
861 2.0000000000000013 200
862 2.0000000000000013 200
863 2.0000000000000013 200
864 2.0000000000000013 200
865 2.0000000000000013 200
866 2.0000000000000013 200
867 2.0000000000000013 200
868 2.0000000000000013 200
869 2.0000000000000013 200
870 2.0000000000000013 200
871 2.0000000000000013 200
872 2.0000000000000013 200
873 2.0000000000000013 200
874 2.0000000000000013 200
875 2.0000000000000013 200
876 2.0000000000000013 200
877 2.0000000000000013 200
878 0.9700000000000006 97
879 2.0000000000000013 200
880 2.0000000000000013 200
881 2.0000000000000013 200
882 2.0000000000000013 200
883 2.0000000000000013 200
884 2.0000000000000013 200
885 2.0000000000000013 200
886 2.0000000000000013 200
887 2.0000000000000013 200
888 2.0000000000000013 200
889 2.0000000000000013 200
890 2.0000000000000013 200
891 2.0000000000000013 200
892 2.0000000000000013 200
893 2.0000000000000013 200
894 2.0000000000000013 200
895 2.0000000000000013 200
896 2.0000000000000013 200
897 2.0000000000000013 200
898 2.0000000000000013 200
899 2.0000000000000013 200
900 2.0000000000000013 200
901 2.0000000000000013 200
902 2.0000000000000013 200
903 2.0000000000000013 200
904 2.0000000000000013 200
905 2.0000000000000013 200
906 2.0000000000000013 200
907 2.0000000000000013 200
908 0.5700000000000003 57
909 2.0000000000000013 200
910 2.0000000000000013 200
911 2.0000000000000013 200
912 2.0000000000000013 200
913 2.0000000000000013 200
914 2.0000000000000013 200
915 2.0000000000000013 200
916 2.0000000000000013 200
917 2.0000000000000013 200
918 2.0000000000000013 200
919 2.0000000000000013 200
920 2.0000000000000013 200
921 2.0000000000000013 200
922 2.0000000000000013 200
923 2.0000000000000013 200
924 2.0000000000000013 200
925 2.0000000000000013 200
926 2.0000000000000013 200
927 2.0000000000000013 200
928 2.0000000000000013 200
929 2.0000000000000013 200
930 2.0000000000000013 200
931 2.0000000000000013 200
932 2.0000000000000013 200
933 2.0000000000000013 200
934 2.0000000000000013 200
935 2.0000000000000013 200
936 2.0000000000000013 200
937 0.9800000000000006 98
938 1.7000000000000013 170
939 2.0000000000000013 200
940 2.0000000000000013 200
941 2.0000000000000013 200
942 2.0000000000000013 200
943 2.0000000000000013 200
944 2.0000000000000013 200
945 2.0000000000000013 200
946 2.0000000000000013 200
947 2.0000000000000013 200
948 1.320000000000001 132
949 2.0000000000000013 200
950 2.0000000000000013 200
951 2.0000000000000013 200
952 2.0000000000000013 200
953 2.0000000000000013 200
954 2.0000000000000013 200
955 2.0000000000000013 200
956 2.0000000000000013 200
957 2.0000000000000013 200
958 2.0000000000000013 200
959 2.0000000000000013 200
960 2.0000000000000013 200
961 2.0000000000000013 200
962 2.0000000000000013 200
963 2.0000000000000013 200
964 2.0000000000000013 200
965 2.0000000000000013 200
966 2.0000000000000013 200
967 2.0000000000000013 200
968 2.0000000000000013 200
969 2.0000000000000013 200
970 2.0000000000000013 200
971 2.0000000000000013 200
972 2.0000000000000013 200
973 2.0000000000000013 200
974 2.0000000000000013 200
975 2.0000000000000013 200
976 1.0400000000000007 104
977 2.0000000000000013 200
978 2.0000000000000013 200
979 2.0000000000000013 200
980 2.0000000000000013 200
981 2.0000000000000013 200
982 2.0000000000000013 200
983 2.0000000000000013 200
984 2.0000000000000013 200
985 2.0000000000000013 200
986 2.0000000000000013 200
987 2.0000000000000013 200
988 2.0000000000000013 200
989 2.0000000000000013 200
990 2.0000000000000013 200
991 1.430000000000001 143
992 1.290000000000001 129
993 2.0000000000000013 200
994 2.0000000000000013 200
995 1.0800000000000007 108
996 2.0000000000000013 200
997 2.0000000000000013 200
998 0.3900000000000002 39
999 2.0000000000000013 200
1000 1.320000000000001 132
1001 2.0000000000000013 200
1002 1.440000000000001 144
1003 2.0000000000000013 200
1004 2.0000000000000013 200
1005 2.0000000000000013 200
1006 2.0000000000000013 200
1007 2.0000000000000013 200
1008 2.0000000000000013 200
1009 2.0000000000000013 200
1010 2.0000000000000013 200
1011 2.0000000000000013 200
1012 2.0000000000000013 200
1013 2.0000000000000013 200
1014 2.0000000000000013 200
1015 2.0000000000000013 200
1016 2.0000000000000013 200
1017 2.0000000000000013 200
1018 2.0000000000000013 200
1019 2.0000000000000013 200
1020 2.0000000000000013 200
1021 2.0000000000000013 200
1022 2.0000000000000013 200
1023 2.0000000000000013 200
1024 2.0000000000000013 200
1025 2.0000000000000013 200
1026 2.0000000000000013 200
1027 2.0000000000000013 200
1028 2.0000000000000013 200
1029 2.0000000000000013 200
1030 2.0000000000000013 200
1031 2.0000000000000013 200
1032 2.0000000000000013 200
1033 2.0000000000000013 200
1034 2.0000000000000013 200
1035 2.0000000000000013 200
1036 2.0000000000000013 200
1037 2.0000000000000013 200
1038 2.0000000000000013 200
1039 2.0000000000000013 200
1040 2.0000000000000013 200
1041 2.0000000000000013 200
1042 2.0000000000000013 200
1043 2.0000000000000013 200
1044 2.0000000000000013 200
1045 2.0000000000000013 200
1046 2.0000000000000013 200
1047 2.0000000000000013 200
1048 2.0000000000000013 200
1049 2.0000000000000013 200
1050 2.0000000000000013 200
1051 2.0000000000000013 200
1052 2.0000000000000013 200
1053 2.0000000000000013 200
1054 2.0000000000000013 200
1055 2.0000000000000013 200
1056 2.0000000000000013 200
1057 2.0000000000000013 200
1058 2.0000000000000013 200
1059 2.0000000000000013 200
1060 2.0000000000000013 200
1061 2.0000000000000013 200
1062 2.0000000000000013 200
1063 2.0000000000000013 200
1064 2.0000000000000013 200
1065 2.0000000000000013 200
1066 2.0000000000000013 200
1067 2.0000000000000013 200
1068 2.0000000000000013 200
1069 2.0000000000000013 200
1070 2.0000000000000013 200
1071 2.0000000000000013 200
1072 2.0000000000000013 200
1073 2.0000000000000013 200
1074 2.0000000000000013 200
1075 2.0000000000000013 200
1076 2.0000000000000013 200
1077 2.0000000000000013 200
1078 2.0000000000000013 200
1079 2.0000000000000013 200
1080 2.0000000000000013 200
1081 2.0000000000000013 200
1082 2.0000000000000013 200
1083 2.0000000000000013 200
1084 2.0000000000000013 200
1085 2.0000000000000013 200
1086 2.0000000000000013 200
1087 2.0000000000000013 200
1088 2.0000000000000013 200
1089 2.0000000000000013 200
1090 2.0000000000000013 200
1091 2.0000000000000013 200
1092 2.0000000000000013 200
1093 2.0000000000000013 200
1094 2.0000000000000013 200
1095 0.9700000000000006 97
1096 2.0000000000000013 200
1097 2.0000000000000013 200
1098 2.0000000000000013 200
1099 2.0000000000000013 200
1100 2.0000000000000013 200
1101 2.0000000000000013 200
1102 2.0000000000000013 200
1103 2.0000000000000013 200
1104 2.0000000000000013 200
1105 2.0000000000000013 200
1106 2.0000000000000013 200
1107 2.0000000000000013 200
1108 2.0000000000000013 200
1109 2.0000000000000013 200
1110 2.0000000000000013 200
1111 2.0000000000000013 200
1112 2.0000000000000013 200
1113 2.0000000000000013 200
1114 2.0000000000000013 200
1115 2.0000000000000013 200
1116 2.0000000000000013 200
1117 2.0000000000000013 200
1118 2.0000000000000013 200
1119 2.0000000000000013 200
1120 0.34000000000000014 34
1121 2.0000000000000013 200
1122 2.0000000000000013 200
1123 2.0000000000000013 200
1124 2.0000000000000013 200
1125 2.0000000000000013 200
1126 2.0000000000000013 200
1127 2.0000000000000013 200
1128 2.0000000000000013 200
1129 2.0000000000000013 200
1130 2.0000000000000013 200
1131 2.0000000000000013 200
1132 2.0000000000000013 200
1133 2.0000000000000013 200
1134 2.0000000000000013 200
1135 2.0000000000000013 200
1136 2.0000000000000013 200
1137 2.0000000000000013 200
1138 2.0000000000000013 200
1139 2.0000000000000013 200
1140 2.0000000000000013 200
1141 2.0000000000000013 200
1142 2.0000000000000013 200
1143 2.0000000000000013 200
1144 2.0000000000000013 200
1145 2.0000000000000013 200
1146 2.0000000000000013 200
1147 2.0000000000000013 200
1148 2.0000000000000013 200
1149 2.0000000000000013 200
1150 2.0000000000000013 200
1151 2.0000000000000013 200
1152 2.0000000000000013 200
1153 2.0000000000000013 200
1154 2.0000000000000013 200
1155 2.0000000000000013 200
1156 2.0000000000000013 200
1157 2.0000000000000013 200
1158 2.0000000000000013 200
1159 2.0000000000000013 200
1160 2.0000000000000013 200
1161 2.0000000000000013 200
1162 2.0000000000000013 200
1163 2.0000000000000013 200
1164 2.0000000000000013 200
1165 2.0000000000000013 200
1166 2.0000000000000013 200
1167 2.0000000000000013 200
1168 2.0000000000000013 200
1169 2.0000000000000013 200
1170 2.0000000000000013 200
1171 2.0000000000000013 200
1172 2.0000000000000013 200
1173 2.0000000000000013 200
1174 2.0000000000000013 200
1175 2.0000000000000013 200
1176 2.0000000000000013 200
1177 2.0000000000000013 200
1178 1.490000000000001 149
1179 2.0000000000000013 200
1180 2.0000000000000013 200
1181 2.0000000000000013 200
1182 2.0000000000000013 200
1183 2.0000000000000013 200
1184 2.0000000000000013 200
1185 2.0000000000000013 200
1186 2.0000000000000013 200
1187 2.0000000000000013 200
1188 2.0000000000000013 200
1189 2.0000000000000013 200
1190 2.0000000000000013 200
1191 2.0000000000000013 200
1192 2.0000000000000013 200
1193 2.0000000000000013 200
1194 2.0000000000000013 200
1195 2.0000000000000013 200
1196 2.0000000000000013 200
1197 2.0000000000000013 200
1198 2.0000000000000013 200
1199 0.5900000000000003 59
1200 1.6500000000000012 165
1201 2.0000000000000013 200
1202 2.0000000000000013 200
1203 2.0000000000000013 200
1204 2.0000000000000013 200
1205 2.0000000000000013 200
1206 2.0000000000000013 200
1207 2.0000000000000013 200
1208 2.0000000000000013 200
1209 0.9500000000000006 95
1210 2.0000000000000013 200
1211 2.0000000000000013 200
1212 2.0000000000000013 200
1213 2.0000000000000013 200
1214 2.0000000000000013 200
1215 2.0000000000000013 200
1216 2.0000000000000013 200
1217 2.0000000000000013 200
1218 2.0000000000000013 200
1219 2.0000000000000013 200
1220 2.0000000000000013 200
1221 2.0000000000000013 200
1222 2.0000000000000013 200
1223 2.0000000000000013 200
1224 2.0000000000000013 200
1225 2.0000000000000013 200
1226 2.0000000000000013 200
1227 2.0000000000000013 200
1228 2.0000000000000013 200
1229 2.0000000000000013 200
1230 2.0000000000000013 200
1231 2.0000000000000013 200
1232 1.7700000000000014 177
1233 2.0000000000000013 200
1234 2.0000000000000013 200
1235 2.0000000000000013 200
1236 2.0000000000000013 200
1237 2.0000000000000013 200
1238 2.0000000000000013 200
1239 2.0000000000000013 200
1240 2.0000000000000013 200
1241 2.0000000000000013 200
1242 2.0000000000000013 200
1243 2.0000000000000013 200
1244 2.0000000000000013 200
1245 2.0000000000000013 200
1246 2.0000000000000013 200
1247 2.0000000000000013 200
1248 2.0000000000000013 200
1249 2.0000000000000013 200
1250 2.0000000000000013 200
1251 2.0000000000000013 200
1252 2.0000000000000013 200
1253 0.8800000000000006 88
1254 2.0000000000000013 200
1255 2.0000000000000013 200
1256 2.0000000000000013 200
1257 2.0000000000000013 200
1258 2.0000000000000013 200
1259 2.0000000000000013 200
1260 2.0000000000000013 200
1261 2.0000000000000013 200
1262 2.0000000000000013 200
1263 2.0000000000000013 200
1264 2.0000000000000013 200
1265 2.0000000000000013 200
1266 2.0000000000000013 200
1267 2.0000000000000013 200
1268 2.0000000000000013 200
1269 2.0000000000000013 200
1270 2.0000000000000013 200
1271 2.0000000000000013 200
1272 2.0000000000000013 200
1273 2.0000000000000013 200
1274 2.0000000000000013 200
1275 2.0000000000000013 200
1276 2.0000000000000013 200
1277 2.0000000000000013 200
1278 2.0000000000000013 200
1279 2.0000000000000013 200
1280 2.0000000000000013 200
1281 2.0000000000000013 200
1282 2.0000000000000013 200
1283 2.0000000000000013 200
1284 2.0000000000000013 200
1285 1.0500000000000007 105
1286 2.0000000000000013 200
1287 2.0000000000000013 200
1288 2.0000000000000013 200
1289 2.0000000000000013 200
1290 2.0000000000000013 200
1291 2.0000000000000013 200
1292 2.0000000000000013 200
1293 2.0000000000000013 200
1294 2.0000000000000013 200
1295 2.0000000000000013 200
1296 2.0000000000000013 200
1297 2.0000000000000013 200
1298 2.0000000000000013 200
1299 2.0000000000000013 200
1300 2.0000000000000013 200
1301 2.0000000000000013 200
1302 2.0000000000000013 200
1303 2.0000000000000013 200
1304 2.0000000000000013 200
1305 2.0000000000000013 200
1306 2.0000000000000013 200
1307 2.0000000000000013 200
1308 2.0000000000000013 200
1309 2.0000000000000013 200
1310 2.0000000000000013 200
1311 2.0000000000000013 200
1312 2.0000000000000013 200
1313 2.0000000000000013 200
1314 2.0000000000000013 200
1315 2.0000000000000013 200
1316 2.0000000000000013 200
1317 2.0000000000000013 200
1318 2.0000000000000013 200
1319 2.0000000000000013 200
1320 2.0000000000000013 200
1321 2.0000000000000013 200
1322 2.0000000000000013 200
1323 2.0000000000000013 200
1324 2.0000000000000013 200
1325 1.0700000000000007 107
1326 2.0000000000000013 200
1327 2.0000000000000013 200
1328 2.0000000000000013 200
1329 2.0000000000000013 200
1330 2.0000000000000013 200
1331 2.0000000000000013 200
1332 2.0000000000000013 200
1333 2.0000000000000013 200
1334 2.0000000000000013 200
1335 2.0000000000000013 200
1336 2.0000000000000013 200
1337 2.0000000000000013 200
1338 2.0000000000000013 200
1339 2.0000000000000013 200
1340 2.0000000000000013 200
1341 2.0000000000000013 200
1342 2.0000000000000013 200
1343 2.0000000000000013 200
1344 2.0000000000000013 200
1345 2.0000000000000013 200
1346 2.0000000000000013 200
1347 2.0000000000000013 200
1348 1.310000000000001 131
1349 2.0000000000000013 200
1350 2.0000000000000013 200
1351 2.0000000000000013 200
1352 2.0000000000000013 200
1353 2.0000000000000013 200
1354 2.0000000000000013 200
1355 2.0000000000000013 200
1356 2.0000000000000013 200
1357 2.0000000000000013 200
1358 2.0000000000000013 200
1359 2.0000000000000013 200
1360 2.0000000000000013 200
1361 2.0000000000000013 200
1362 2.0000000000000013 200
1363 2.0000000000000013 200
1364 2.0000000000000013 200
1365 2.0000000000000013 200
1366 2.0000000000000013 200
1367 1.6100000000000012 161
1368 2.0000000000000013 200
1369 2.0000000000000013 200
1370 2.0000000000000013 200
1371 2.0000000000000013 200
1372 2.0000000000000013 200
1373 2.0000000000000013 200
1374 2.0000000000000013 200
1375 2.0000000000000013 200
1376 2.0000000000000013 200
1377 2.0000000000000013 200
1378 2.0000000000000013 200
1379 2.0000000000000013 200
1380 2.0000000000000013 200
1381 2.0000000000000013 200
1382 2.0000000000000013 200
1383 2.0000000000000013 200
1384 2.0000000000000013 200
1385 2.0000000000000013 200
1386 2.0000000000000013 200
1387 2.0000000000000013 200
1388 2.0000000000000013 200
1389 2.0000000000000013 200
1390 2.0000000000000013 200
1391 2.0000000000000013 200
1392 2.0000000000000013 200
1393 2.0000000000000013 200
1394 2.0000000000000013 200
1395 2.0000000000000013 200
1396 2.0000000000000013 200
1397 2.0000000000000013 200
1398 2.0000000000000013 200
1399 2.0000000000000013 200
1400 2.0000000000000013 200
1401 2.0000000000000013 200
1402 2.0000000000000013 200
1403 2.0000000000000013 200
1404 2.0000000000000013 200
1405 2.0000000000000013 200
1406 2.0000000000000013 200
1407 2.0000000000000013 200
1408 1.7600000000000013 176
1409 1.270000000000001 127
1410 0.8800000000000006 88
1411 2.0000000000000013 200
1412 2.0000000000000013 200
1413 2.0000000000000013 200
1414 0.49000000000000027 49
1415 2.0000000000000013 200
1416 2.0000000000000013 200
1417 2.0000000000000013 200
1418 2.0000000000000013 200
1419 2.0000000000000013 200
1420 2.0000000000000013 200
1421 2.0000000000000013 200
1422 2.0000000000000013 200
1423 2.0000000000000013 200
1424 2.0000000000000013 200
1425 2.0000000000000013 200
1426 2.0000000000000013 200
1427 2.0000000000000013 200
1428 2.0000000000000013 200
1429 2.0000000000000013 200
1430 2.0000000000000013 200
1431 2.0000000000000013 200
1432 2.0000000000000013 200
1433 2.0000000000000013 200
1434 2.0000000000000013 200
1435 2.0000000000000013 200
1436 2.0000000000000013 200
1437 2.0000000000000013 200
1438 2.0000000000000013 200
1439 2.0000000000000013 200
1440 2.0000000000000013 200
1441 0.24000000000000007 24
1442 2.0000000000000013 200
1443 2.0000000000000013 200
1444 2.0000000000000013 200
1445 2.0000000000000013 200
1446 2.0000000000000013 200
1447 2.0000000000000013 200
1448 2.0000000000000013 200
1449 2.0000000000000013 200
1450 2.0000000000000013 200
1451 2.0000000000000013 200
1452 2.0000000000000013 200
1453 2.0000000000000013 200
1454 2.0000000000000013 200
1455 2.0000000000000013 200
1456 2.0000000000000013 200
1457 2.0000000000000013 200
1458 2.0000000000000013 200
1459 2.0000000000000013 200
1460 2.0000000000000013 200
1461 2.0000000000000013 200
1462 2.0000000000000013 200
1463 2.0000000000000013 200
1464 2.0000000000000013 200
1465 2.0000000000000013 200
1466 2.0000000000000013 200
1467 2.0000000000000013 200
1468 2.0000000000000013 200
1469 2.0000000000000013 200
1470 2.0000000000000013 200
1471 2.0000000000000013 200
1472 2.0000000000000013 200
1473 2.0000000000000013 200
1474 2.0000000000000013 200
1475 2.0000000000000013 200
1476 2.0000000000000013 200
1477 2.0000000000000013 200
1478 2.0000000000000013 200
1479 2.0000000000000013 200
1480 2.0000000000000013 200
1481 2.0000000000000013 200
1482 2.0000000000000013 200
1483 2.0000000000000013 200
1484 2.0000000000000013 200
1485 2.0000000000000013 200
1486 2.0000000000000013 200
1487 0.36000000000000015 36
1488 2.0000000000000013 200
1489 2.0000000000000013 200
1490 2.0000000000000013 200
1491 2.0000000000000013 200
1492 2.0000000000000013 200
1493 2.0000000000000013 200
1494 2.0000000000000013 200
1495 2.0000000000000013 200
1496 2.0000000000000013 200
1497 2.0000000000000013 200
1498 2.0000000000000013 200
1499 2.0000000000000013 200
1500 2.0000000000000013 200
1501 2.0000000000000013 200
1502 2.0000000000000013 200
1503 2.0000000000000013 200
1504 2.0000000000000013 200
1505 2.0000000000000013 200
1506 2.0000000000000013 200
1507 2.0000000000000013 200
1508 2.0000000000000013 200
1509 2.0000000000000013 200
1510 2.0000000000000013 200
1511 2.0000000000000013 200
1512 2.0000000000000013 200
1513 2.0000000000000013 200
1514 2.0000000000000013 200
1515 2.0000000000000013 200
1516 2.0000000000000013 200
1517 2.0000000000000013 200
1518 2.0000000000000013 200
1519 2.0000000000000013 200
1520 2.0000000000000013 200
1521 2.0000000000000013 200
1522 2.0000000000000013 200
1523 2.0000000000000013 200
1524 2.0000000000000013 200
1525 2.0000000000000013 200
1526 2.0000000000000013 200
1527 2.0000000000000013 200
1528 2.0000000000000013 200
1529 2.0000000000000013 200
1530 2.0000000000000013 200
1531 2.0000000000000013 200
1532 2.0000000000000013 200
1533 2.0000000000000013 200
1534 2.0000000000000013 200
1535 2.0000000000000013 200
1536 2.0000000000000013 200
1537 2.0000000000000013 200
1538 2.0000000000000013 200
1539 2.0000000000000013 200
1540 2.0000000000000013 200
1541 2.0000000000000013 200
1542 2.0000000000000013 200
1543 2.0000000000000013 200
1544 2.0000000000000013 200
1545 2.0000000000000013 200
1546 2.0000000000000013 200
1547 2.0000000000000013 200
1548 2.0000000000000013 200
1549 2.0000000000000013 200
1550 2.0000000000000013 200
1551 2.0000000000000013 200
1552 2.0000000000000013 200
1553 2.0000000000000013 200
1554 2.0000000000000013 200
1555 2.0000000000000013 200
1556 0.4400000000000002 44
1557 0.6000000000000003 60
1558 2.0000000000000013 200
1559 2.0000000000000013 200
1560 2.0000000000000013 200
1561 0.5700000000000003 57
1562 2.0000000000000013 200
1563 2.0000000000000013 200
1564 2.0000000000000013 200
1565 2.0000000000000013 200
1566 1.0600000000000007 106
1567 2.0000000000000013 200
1568 2.0000000000000013 200
1569 2.0000000000000013 200
1570 2.0000000000000013 200
1571 2.0000000000000013 200
1572 2.0000000000000013 200
1573 2.0000000000000013 200
1574 2.0000000000000013 200
1575 2.0000000000000013 200
1576 2.0000000000000013 200
1577 2.0000000000000013 200
1578 2.0000000000000013 200
1579 2.0000000000000013 200
1580 2.0000000000000013 200
1581 2.0000000000000013 200
1582 2.0000000000000013 200
1583 2.0000000000000013 200
1584 2.0000000000000013 200
1585 2.0000000000000013 200
1586 2.0000000000000013 200
1587 2.0000000000000013 200
1588 2.0000000000000013 200
1589 2.0000000000000013 200
1590 2.0000000000000013 200
1591 2.0000000000000013 200
1592 2.0000000000000013 200
1593 2.0000000000000013 200
1594 2.0000000000000013 200
1595 2.0000000000000013 200
1596 2.0000000000000013 200
1597 2.0000000000000013 200
1598 2.0000000000000013 200
1599 2.0000000000000013 200
1600 2.0000000000000013 200
1601 2.0000000000000013 200
1602 2.0000000000000013 200
1603 2.0000000000000013 200
1604 2.0000000000000013 200
1605 1.490000000000001 149
1606 0.5800000000000003 58
1607 2.0000000000000013 200
1608 2.0000000000000013 200
1609 2.0000000000000013 200
1610 2.0000000000000013 200
1611 0.35000000000000014 35
1612 2.0000000000000013 200
1613 2.0000000000000013 200
1614 2.0000000000000013 200
1615 2.0000000000000013 200
1616 2.0000000000000013 200
1617 2.0000000000000013 200
1618 2.0000000000000013 200
1619 2.0000000000000013 200
1620 2.0000000000000013 200
1621 2.0000000000000013 200
1622 2.0000000000000013 200
1623 2.0000000000000013 200
1624 2.0000000000000013 200
1625 2.0000000000000013 200
1626 2.0000000000000013 200
1627 2.0000000000000013 200
1628 2.0000000000000013 200
1629 2.0000000000000013 200
1630 2.0000000000000013 200
1631 2.0000000000000013 200
1632 2.0000000000000013 200
1633 2.0000000000000013 200
1634 0.5600000000000003 56
1635 2.0000000000000013 200
1636 2.0000000000000013 200
1637 0.8400000000000005 84
1638 2.0000000000000013 200
1639 2.0000000000000013 200
1640 2.0000000000000013 200
1641 2.0000000000000013 200
1642 2.0000000000000013 200
1643 2.0000000000000013 200
1644 2.0000000000000013 200
1645 2.0000000000000013 200
1646 2.0000000000000013 200
1647 2.0000000000000013 200
1648 2.0000000000000013 200
1649 2.0000000000000013 200
1650 2.0000000000000013 200
1651 2.0000000000000013 200
1652 2.0000000000000013 200
1653 2.0000000000000013 200
1654 2.0000000000000013 200
1655 2.0000000000000013 200
1656 2.0000000000000013 200
1657 2.0000000000000013 200
1658 2.0000000000000013 200
1659 2.0000000000000013 200
1660 2.0000000000000013 200
1661 2.0000000000000013 200
1662 2.0000000000000013 200
1663 2.0000000000000013 200
1664 2.0000000000000013 200
1665 2.0000000000000013 200
1666 2.0000000000000013 200
1667 2.0000000000000013 200
1668 2.0000000000000013 200
1669 2.0000000000000013 200
1670 2.0000000000000013 200
1671 2.0000000000000013 200
1672 2.0000000000000013 200
1673 2.0000000000000013 200
1674 2.0000000000000013 200
1675 2.0000000000000013 200
1676 2.0000000000000013 200
1677 1.5500000000000012 155
1678 2.0000000000000013 200
1679 2.0000000000000013 200
1680 2.0000000000000013 200
1681 2.0000000000000013 200
1682 2.0000000000000013 200
1683 2.0000000000000013 200
1684 2.0000000000000013 200
1685 2.0000000000000013 200
1686 2.0000000000000013 200
1687 2.0000000000000013 200
1688 1.5300000000000011 153
1689 2.0000000000000013 200
1690 2.0000000000000013 200
1691 2.0000000000000013 200
1692 2.0000000000000013 200
1693 2.0000000000000013 200
1694 2.0000000000000013 200
1695 2.0000000000000013 200
1696 2.0000000000000013 200
1697 2.0000000000000013 200
1698 2.0000000000000013 200
1699 2.0000000000000013 200
1700 2.0000000000000013 200
1701 2.0000000000000013 200
1702 2.0000000000000013 200
1703 2.0000000000000013 200
1704 2.0000000000000013 200
1705 2.0000000000000013 200
1706 2.0000000000000013 200
1707 2.0000000000000013 200
1708 2.0000000000000013 200
1709 2.0000000000000013 200
1710 2.0000000000000013 200
1711 2.0000000000000013 200
1712 2.0000000000000013 200
1713 2.0000000000000013 200
1714 2.0000000000000013 200
1715 2.0000000000000013 200
1716 2.0000000000000013 200
1717 2.0000000000000013 200
1718 2.0000000000000013 200
1719 2.0000000000000013 200
1720 2.0000000000000013 200
1721 2.0000000000000013 200
1722 2.0000000000000013 200
1723 2.0000000000000013 200
1724 2.0000000000000013 200
1725 2.0000000000000013 200
1726 2.0000000000000013 200
1727 2.0000000000000013 200
1728 2.0000000000000013 200
1729 2.0000000000000013 200
1730 2.0000000000000013 200
1731 2.0000000000000013 200
1732 2.0000000000000013 200
1733 2.0000000000000013 200
1734 2.0000000000000013 200
1735 2.0000000000000013 200
1736 2.0000000000000013 200
1737 2.0000000000000013 200
1738 2.0000000000000013 200
1739 2.0000000000000013 200
1740 2.0000000000000013 200
1741 1.5900000000000012 159
1742 2.0000000000000013 200
1743 2.0000000000000013 200
1744 2.0000000000000013 200
1745 2.0000000000000013 200
1746 2.0000000000000013 200
1747 2.0000000000000013 200
1748 2.0000000000000013 200
1749 2.0000000000000013 200
1750 2.0000000000000013 200
1751 0.20000000000000004 20
1752 2.0000000000000013 200
1753 2.0000000000000013 200
1754 2.0000000000000013 200
1755 2.0000000000000013 200
1756 2.0000000000000013 200
1757 2.0000000000000013 200
1758 2.0000000000000013 200
1759 2.0000000000000013 200
1760 2.0000000000000013 200
1761 2.0000000000000013 200
1762 2.0000000000000013 200
1763 2.0000000000000013 200
1764 2.0000000000000013 200
1765 2.0000000000000013 200
1766 2.0000000000000013 200
1767 2.0000000000000013 200
1768 2.0000000000000013 200
1769 2.0000000000000013 200
1770 2.0000000000000013 200
1771 2.0000000000000013 200
1772 2.0000000000000013 200
1773 2.0000000000000013 200
1774 2.0000000000000013 200
1775 2.0000000000000013 200
1776 2.0000000000000013 200
1777 2.0000000000000013 200
1778 2.0000000000000013 200
1779 2.0000000000000013 200
1780 2.0000000000000013 200
1781 2.0000000000000013 200
1782 2.0000000000000013 200
1783 2.0000000000000013 200
1784 2.0000000000000013 200
1785 2.0000000000000013 200
1786 2.0000000000000013 200
1787 2.0000000000000013 200
1788 2.0000000000000013 200
1789 2.0000000000000013 200
1790 0.9700000000000006 97
1791 2.0000000000000013 200
1792 2.0000000000000013 200
1793 2.0000000000000013 200
1794 2.0000000000000013 200
1795 2.0000000000000013 200
1796 2.0000000000000013 200
1797 2.0000000000000013 200
1798 2.0000000000000013 200
1799 2.0000000000000013 200
1800 2.0000000000000013 200
1801 2.0000000000000013 200
1802 2.0000000000000013 200
1803 2.0000000000000013 200
1804 2.0000000000000013 200
1805 2.0000000000000013 200
1806 2.0000000000000013 200
1807 2.0000000000000013 200
1808 2.0000000000000013 200
1809 2.0000000000000013 200
1810 2.0000000000000013 200
1811 2.0000000000000013 200
1812 2.0000000000000013 200
1813 2.0000000000000013 200
1814 2.0000000000000013 200
1815 2.0000000000000013 200
1816 2.0000000000000013 200
1817 2.0000000000000013 200
1818 2.0000000000000013 200
1819 2.0000000000000013 200
1820 2.0000000000000013 200
1821 2.0000000000000013 200
1822 2.0000000000000013 200
1823 2.0000000000000013 200
1824 2.0000000000000013 200
1825 2.0000000000000013 200
1826 2.0000000000000013 200
1827 2.0000000000000013 200
1828 2.0000000000000013 200
1829 2.0000000000000013 200
1830 2.0000000000000013 200
1831 2.0000000000000013 200
1832 2.0000000000000013 200
1833 2.0000000000000013 200
1834 2.0000000000000013 200
1835 2.0000000000000013 200
1836 2.0000000000000013 200
1837 2.0000000000000013 200
1838 2.0000000000000013 200
1839 2.0000000000000013 200
1840 2.0000000000000013 200
1841 2.0000000000000013 200
1842 2.0000000000000013 200
1843 2.0000000000000013 200
1844 2.0000000000000013 200
1845 2.0000000000000013 200
1846 2.0000000000000013 200
1847 2.0000000000000013 200
1848 2.0000000000000013 200
1849 2.0000000000000013 200
1850 2.0000000000000013 200
1851 2.0000000000000013 200
1852 2.0000000000000013 200
1853 1.5400000000000011 154
1854 2.0000000000000013 200
1855 2.0000000000000013 200
1856 2.0000000000000013 200
1857 2.0000000000000013 200
1858 2.0000000000000013 200
1859 2.0000000000000013 200
1860 2.0000000000000013 200
1861 2.0000000000000013 200
1862 2.0000000000000013 200
1863 2.0000000000000013 200
1864 2.0000000000000013 200
1865 2.0000000000000013 200
1866 2.0000000000000013 200
1867 2.0000000000000013 200
1868 2.0000000000000013 200
1869 2.0000000000000013 200
1870 2.0000000000000013 200
1871 2.0000000000000013 200
1872 2.0000000000000013 200
1873 2.0000000000000013 200
1874 2.0000000000000013 200
1875 2.0000000000000013 200
1876 2.0000000000000013 200
1877 1.490000000000001 149
1878 2.0000000000000013 200
1879 2.0000000000000013 200
1880 2.0000000000000013 200
1881 2.0000000000000013 200
1882 2.0000000000000013 200
1883 2.0000000000000013 200
1884 2.0000000000000013 200
1885 2.0000000000000013 200
1886 1.380000000000001 138
1887 2.0000000000000013 200
1888 2.0000000000000013 200
1889 2.0000000000000013 200
1890 2.0000000000000013 200
1891 2.0000000000000013 200
1892 2.0000000000000013 200
1893 2.0000000000000013 200
1894 2.0000000000000013 200
1895 2.0000000000000013 200
1896 2.0000000000000013 200
1897 2.0000000000000013 200
1898 2.0000000000000013 200
1899 2.0000000000000013 200
1900 2.0000000000000013 200
1901 2.0000000000000013 200
1902 2.0000000000000013 200
1903 2.0000000000000013 200
1904 2.0000000000000013 200
1905 2.0000000000000013 200
1906 2.0000000000000013 200
1907 2.0000000000000013 200
1908 2.0000000000000013 200
1909 2.0000000000000013 200
1910 2.0000000000000013 200
1911 2.0000000000000013 200
1912 2.0000000000000013 200
1913 2.0000000000000013 200
1914 2.0000000000000013 200
1915 2.0000000000000013 200
1916 2.0000000000000013 200
1917 2.0000000000000013 200
1918 2.0000000000000013 200
1919 2.0000000000000013 200
1920 2.0000000000000013 200
1921 2.0000000000000013 200
1922 2.0000000000000013 200
1923 2.0000000000000013 200
1924 2.0000000000000013 200
1925 2.0000000000000013 200
1926 2.0000000000000013 200
1927 2.0000000000000013 200
1928 2.0000000000000013 200
1929 2.0000000000000013 200
1930 2.0000000000000013 200
1931 2.0000000000000013 200
1932 2.0000000000000013 200
1933 2.0000000000000013 200
1934 2.0000000000000013 200
1935 2.0000000000000013 200
1936 2.0000000000000013 200
1937 2.0000000000000013 200
1938 2.0000000000000013 200
1939 2.0000000000000013 200
1940 2.0000000000000013 200
1941 2.0000000000000013 200
1942 2.0000000000000013 200
1943 2.0000000000000013 200
1944 2.0000000000000013 200
1945 2.0000000000000013 200
1946 2.0000000000000013 200
1947 2.0000000000000013 200
1948 2.0000000000000013 200
1949 2.0000000000000013 200
1950 2.0000000000000013 200
1951 2.0000000000000013 200
1952 2.0000000000000013 200
1953 2.0000000000000013 200
1954 2.0000000000000013 200
1955 2.0000000000000013 200
1956 2.0000000000000013 200
1957 2.0000000000000013 200
1958 2.0000000000000013 200
1959 2.0000000000000013 200
1960 2.0000000000000013 200
1961 2.0000000000000013 200
1962 2.0000000000000013 200
1963 2.0000000000000013 200
1964 2.0000000000000013 200
1965 2.0000000000000013 200
1966 2.0000000000000013 200
1967 2.0000000000000013 200
1968 2.0000000000000013 200
1969 2.0000000000000013 200
1970 2.0000000000000013 200
1971 2.0000000000000013 200
1972 2.0000000000000013 200
1973 0.4400000000000002 44
1974 2.0000000000000013 200
1975 2.0000000000000013 200
1976 2.0000000000000013 200
1977 2.0000000000000013 200
1978 2.0000000000000013 200
1979 2.0000000000000013 200
1980 2.0000000000000013 200
1981 2.0000000000000013 200
1982 2.0000000000000013 200
1983 2.0000000000000013 200
1984 2.0000000000000013 200
1985 2.0000000000000013 200
1986 2.0000000000000013 200
1987 2.0000000000000013 200
1988 2.0000000000000013 200
1989 2.0000000000000013 200
1990 1.400000000000001 140
1991 2.0000000000000013 200
1992 2.0000000000000013 200
1993 2.0000000000000013 200
1994 2.0000000000000013 200
1995 2.0000000000000013 200
1996 2.0000000000000013 200
1997 2.0000000000000013 200
1998 2.0000000000000013 200
1999 2.0000000000000013 200
2000 2.0000000000000013 200
2001 2.0000000000000013 200
2002 2.0000000000000013 200
2003 2.0000000000000013 200
2004 2.0000000000000013 200
2005 2.0000000000000013 200
2006 2.0000000000000013 200
2007 2.0000000000000013 200
2008 2.0000000000000013 200
2009 2.0000000000000013 200
2010 2.0000000000000013 200
2011 2.0000000000000013 200
2012 2.0000000000000013 200
2013 2.0000000000000013 200
2014 2.0000000000000013 200
2015 2.0000000000000013 200
2016 2.0000000000000013 200
2017 2.0000000000000013 200
2018 2.0000000000000013 200
2019 2.0000000000000013 200
2020 1.2000000000000008 120
2021 2.0000000000000013 200
2022 2.0000000000000013 200
2023 2.0000000000000013 200
2024 2.0000000000000013 200
2025 2.0000000000000013 200
2026 2.0000000000000013 200
2027 2.0000000000000013 200
2028 2.0000000000000013 200
2029 2.0000000000000013 200
2030 2.0000000000000013 200
2031 2.0000000000000013 200
2032 2.0000000000000013 200
2033 2.0000000000000013 200
2034 2.0000000000000013 200
2035 2.0000000000000013 200
2036 2.0000000000000013 200
2037 2.0000000000000013 200
2038 2.0000000000000013 200
2039 2.0000000000000013 200
2040 2.0000000000000013 200
2041 1.1900000000000008 119
2042 2.0000000000000013 200
2043 2.0000000000000013 200
2044 2.0000000000000013 200
2045 2.0000000000000013 200
2046 2.0000000000000013 200
2047 2.0000000000000013 200
2048 2.0000000000000013 200
2049 2.0000000000000013 200
2050 2.0000000000000013 200
2051 2.0000000000000013 200
2052 2.0000000000000013 200
2053 0.13999999999999999 14
2054 2.0000000000000013 200
2055 2.0000000000000013 200
2056 2.0000000000000013 200
2057 2.0000000000000013 200
2058 2.0000000000000013 200
2059 2.0000000000000013 200
2060 2.0000000000000013 200
2061 2.0000000000000013 200
2062 2.0000000000000013 200
2063 2.0000000000000013 200
2064 2.0000000000000013 200
2065 2.0000000000000013 200
2066 2.0000000000000013 200
2067 2.0000000000000013 200
2068 2.0000000000000013 200
2069 0.3900000000000002 39
2070 2.0000000000000013 200
2071 2.0000000000000013 200
2072 2.0000000000000013 200
2073 2.0000000000000013 200
2074 2.0000000000000013 200
2075 2.0000000000000013 200
2076 2.0000000000000013 200
2077 2.0000000000000013 200
2078 1.8700000000000014 187
2079 2.0000000000000013 200
2080 2.0000000000000013 200
2081 2.0000000000000013 200
2082 2.0000000000000013 200
2083 2.0000000000000013 200
2084 2.0000000000000013 200
2085 2.0000000000000013 200
2086 2.0000000000000013 200
2087 2.0000000000000013 200
2088 2.0000000000000013 200
2089 2.0000000000000013 200
2090 2.0000000000000013 200
2091 2.0000000000000013 200
2092 2.0000000000000013 200
2093 2.0000000000000013 200
2094 2.0000000000000013 200
2095 2.0000000000000013 200
2096 2.0000000000000013 200
2097 2.0000000000000013 200
2098 2.0000000000000013 200
2099 2.0000000000000013 200
2100 2.0000000000000013 200
2101 2.0000000000000013 200
2102 2.0000000000000013 200
2103 2.0000000000000013 200
2104 2.0000000000000013 200
2105 2.0000000000000013 200
2106 2.0000000000000013 200
2107 2.0000000000000013 200
2108 2.0000000000000013 200
2109 2.0000000000000013 200
2110 2.0000000000000013 200
2111 2.0000000000000013 200
2112 2.0000000000000013 200
2113 2.0000000000000013 200
2114 2.0000000000000013 200
2115 2.0000000000000013 200
2116 2.0000000000000013 200
2117 2.0000000000000013 200
2118 2.0000000000000013 200
2119 0.9700000000000006 97
2120 2.0000000000000013 200
2121 2.0000000000000013 200
2122 2.0000000000000013 200
2123 2.0000000000000013 200
2124 2.0000000000000013 200
2125 2.0000000000000013 200
2126 2.0000000000000013 200
2127 2.0000000000000013 200
2128 2.0000000000000013 200
2129 2.0000000000000013 200
2130 2.0000000000000013 200
2131 2.0000000000000013 200
2132 2.0000000000000013 200
2133 2.0000000000000013 200
2134 2.0000000000000013 200
2135 2.0000000000000013 200
2136 2.0000000000000013 200
2137 2.0000000000000013 200
2138 2.0000000000000013 200
2139 2.0000000000000013 200
2140 2.0000000000000013 200
2141 2.0000000000000013 200
2142 2.0000000000000013 200
2143 2.0000000000000013 200
2144 2.0000000000000013 200
2145 2.0000000000000013 200
2146 2.0000000000000013 200
2147 2.0000000000000013 200
2148 2.0000000000000013 200
2149 2.0000000000000013 200
2150 2.0000000000000013 200
2151 2.0000000000000013 200
2152 2.0000000000000013 200
2153 2.0000000000000013 200
2154 1.400000000000001 140
2155 2.0000000000000013 200
2156 2.0000000000000013 200
2157 2.0000000000000013 200
2158 2.0000000000000013 200
2159 2.0000000000000013 200
2160 2.0000000000000013 200
2161 2.0000000000000013 200
2162 2.0000000000000013 200
2163 2.0000000000000013 200
2164 2.0000000000000013 200
2165 2.0000000000000013 200
2166 2.0000000000000013 200
2167 2.0000000000000013 200
2168 2.0000000000000013 200
2169 2.0000000000000013 200
2170 2.0000000000000013 200
2171 2.0000000000000013 200
2172 2.0000000000000013 200
2173 2.0000000000000013 200
2174 1.9400000000000015 194
2175 2.0000000000000013 200
2176 0.8400000000000005 84
2177 2.0000000000000013 200
2178 2.0000000000000013 200
2179 2.0000000000000013 200
2180 2.0000000000000013 200
2181 2.0000000000000013 200
2182 2.0000000000000013 200
2183 2.0000000000000013 200
2184 2.0000000000000013 200
2185 2.0000000000000013 200
2186 2.0000000000000013 200
2187 2.0000000000000013 200
2188 2.0000000000000013 200
2189 2.0000000000000013 200
2190 2.0000000000000013 200
2191 2.0000000000000013 200
2192 2.0000000000000013 200
2193 2.0000000000000013 200
2194 2.0000000000000013 200
2195 2.0000000000000013 200
2196 2.0000000000000013 200
2197 2.0000000000000013 200
2198 2.0000000000000013 200
2199 2.0000000000000013 200
2200 2.0000000000000013 200
2201 0.48000000000000026 48
2202 2.0000000000000013 200
2203 2.0000000000000013 200
2204 2.0000000000000013 200
2205 2.0000000000000013 200
2206 2.0000000000000013 200
2207 2.0000000000000013 200
2208 0.9500000000000006 95
2209 2.0000000000000013 200
2210 2.0000000000000013 200
2211 2.0000000000000013 200
2212 2.0000000000000013 200
2213 0.5600000000000003 56
2214 2.0000000000000013 200
2215 2.0000000000000013 200
2216 2.0000000000000013 200
2217 2.0000000000000013 200
2218 2.0000000000000013 200
2219 2.0000000000000013 200
2220 2.0000000000000013 200
2221 2.0000000000000013 200
2222 2.0000000000000013 200
2223 2.0000000000000013 200
2224 2.0000000000000013 200
2225 2.0000000000000013 200
2226 2.0000000000000013 200
2227 2.0000000000000013 200
2228 2.0000000000000013 200
2229 2.0000000000000013 200
2230 2.0000000000000013 200
2231 2.0000000000000013 200
2232 1.500000000000001 150
2233 2.0000000000000013 200
2234 2.0000000000000013 200
2235 2.0000000000000013 200
2236 2.0000000000000013 200
2237 2.0000000000000013 200
2238 1.6100000000000012 161
2239 2.0000000000000013 200
2240 2.0000000000000013 200
2241 2.0000000000000013 200
2242 2.0000000000000013 200
2243 2.0000000000000013 200
2244 2.0000000000000013 200
2245 2.0000000000000013 200
2246 2.0000000000000013 200
2247 2.0000000000000013 200
2248 2.0000000000000013 200
2249 2.0000000000000013 200
2250 2.0000000000000013 200
2251 2.0000000000000013 200
2252 2.0000000000000013 200
2253 2.0000000000000013 200
2254 2.0000000000000013 200
2255 2.0000000000000013 200
2256 2.0000000000000013 200
2257 2.0000000000000013 200
2258 2.0000000000000013 200
2259 2.0000000000000013 200
2260 2.0000000000000013 200
2261 2.0000000000000013 200
2262 2.0000000000000013 200
2263 2.0000000000000013 200
2264 2.0000000000000013 200
2265 2.0000000000000013 200
2266 2.0000000000000013 200
2267 2.0000000000000013 200
2268 2.0000000000000013 200
2269 2.0000000000000013 200
2270 2.0000000000000013 200
2271 2.0000000000000013 200
2272 2.0000000000000013 200
2273 2.0000000000000013 200
2274 2.0000000000000013 200
2275 2.0000000000000013 200
2276 2.0000000000000013 200
2277 2.0000000000000013 200
2278 2.0000000000000013 200
2279 2.0000000000000013 200
2280 2.0000000000000013 200
2281 2.0000000000000013 200
2282 2.0000000000000013 200
2283 2.0000000000000013 200
2284 2.0000000000000013 200
2285 2.0000000000000013 200
2286 2.0000000000000013 200
2287 2.0000000000000013 200
2288 2.0000000000000013 200
2289 2.0000000000000013 200
2290 2.0000000000000013 200
2291 2.0000000000000013 200
2292 2.0000000000000013 200
2293 2.0000000000000013 200
2294 2.0000000000000013 200
2295 2.0000000000000013 200
2296 2.0000000000000013 200
2297 2.0000000000000013 200
2298 2.0000000000000013 200
2299 2.0000000000000013 200
2300 2.0000000000000013 200
2301 2.0000000000000013 200
2302 2.0000000000000013 200
2303 2.0000000000000013 200
2304 2.0000000000000013 200
2305 2.0000000000000013 200
2306 2.0000000000000013 200
2307 2.0000000000000013 200
2308 2.0000000000000013 200
2309 2.0000000000000013 200
2310 2.0000000000000013 200
2311 2.0000000000000013 200
2312 2.0000000000000013 200
2313 2.0000000000000013 200
2314 2.0000000000000013 200
2315 2.0000000000000013 200
2316 2.0000000000000013 200
2317 2.0000000000000013 200
2318 2.0000000000000013 200
2319 2.0000000000000013 200
2320 2.0000000000000013 200
2321 2.0000000000000013 200
2322 2.0000000000000013 200
2323 2.0000000000000013 200
2324 2.0000000000000013 200
2325 2.0000000000000013 200
2326 2.0000000000000013 200
2327 2.0000000000000013 200
2328 2.0000000000000013 200
2329 2.0000000000000013 200
2330 2.0000000000000013 200
2331 2.0000000000000013 200
2332 2.0000000000000013 200
2333 2.0000000000000013 200
2334 2.0000000000000013 200
2335 2.0000000000000013 200
2336 2.0000000000000013 200
2337 2.0000000000000013 200
2338 2.0000000000000013 200
2339 2.0000000000000013 200
2340 2.0000000000000013 200
2341 2.0000000000000013 200
2342 2.0000000000000013 200
2343 2.0000000000000013 200
2344 2.0000000000000013 200
2345 2.0000000000000013 200
2346 2.0000000000000013 200
2347 2.0000000000000013 200
2348 2.0000000000000013 200
2349 2.0000000000000013 200
2350 2.0000000000000013 200
2351 2.0000000000000013 200
2352 2.0000000000000013 200
2353 2.0000000000000013 200
2354 2.0000000000000013 200
2355 2.0000000000000013 200
2356 2.0000000000000013 200
2357 2.0000000000000013 200
2358 2.0000000000000013 200
2359 2.0000000000000013 200
2360 2.0000000000000013 200
2361 2.0000000000000013 200
2362 2.0000000000000013 200
2363 2.0000000000000013 200
2364 2.0000000000000013 200
2365 2.0000000000000013 200
2366 2.0000000000000013 200
2367 2.0000000000000013 200
2368 2.0000000000000013 200
2369 2.0000000000000013 200
2370 2.0000000000000013 200
2371 2.0000000000000013 200
2372 2.0000000000000013 200
2373 2.0000000000000013 200
2374 2.0000000000000013 200
2375 2.0000000000000013 200
2376 2.0000000000000013 200
2377 2.0000000000000013 200
2378 2.0000000000000013 200
2379 2.0000000000000013 200
2380 2.0000000000000013 200
2381 2.0000000000000013 200
2382 2.0000000000000013 200
2383 2.0000000000000013 200
2384 2.0000000000000013 200
2385 2.0000000000000013 200
2386 2.0000000000000013 200
2387 2.0000000000000013 200
2388 0.9600000000000006 96
2389 2.0000000000000013 200
2390 2.0000000000000013 200
2391 2.0000000000000013 200
2392 2.0000000000000013 200
2393 2.0000000000000013 200
2394 2.0000000000000013 200
2395 2.0000000000000013 200
2396 2.0000000000000013 200
2397 2.0000000000000013 200
2398 2.0000000000000013 200
2399 2.0000000000000013 200
2400 2.0000000000000013 200
2401 2.0000000000000013 200
2402 2.0000000000000013 200
2403 2.0000000000000013 200
2404 2.0000000000000013 200
2405 2.0000000000000013 200
2406 2.0000000000000013 200
2407 2.0000000000000013 200
2408 2.0000000000000013 200
2409 2.0000000000000013 200
2410 2.0000000000000013 200
2411 2.0000000000000013 200
2412 2.0000000000000013 200
2413 2.0000000000000013 200
2414 2.0000000000000013 200
2415 2.0000000000000013 200
2416 2.0000000000000013 200
2417 2.0000000000000013 200
2418 2.0000000000000013 200
2419 2.0000000000000013 200
2420 2.0000000000000013 200
2421 2.0000000000000013 200
2422 2.0000000000000013 200
2423 2.0000000000000013 200
2424 2.0000000000000013 200
2425 2.0000000000000013 200
2426 2.0000000000000013 200
2427 2.0000000000000013 200
2428 2.0000000000000013 200
2429 2.0000000000000013 200
2430 2.0000000000000013 200
2431 2.0000000000000013 200
2432 2.0000000000000013 200
2433 2.0000000000000013 200
2434 2.0000000000000013 200
2435 2.0000000000000013 200
2436 2.0000000000000013 200
2437 2.0000000000000013 200
2438 2.0000000000000013 200
2439 2.0000000000000013 200
2440 2.0000000000000013 200
2441 2.0000000000000013 200
2442 2.0000000000000013 200
2443 2.0000000000000013 200
2444 2.0000000000000013 200
2445 2.0000000000000013 200
2446 2.0000000000000013 200
2447 2.0000000000000013 200
2448 2.0000000000000013 200
2449 2.0000000000000013 200
2450 2.0000000000000013 200
2451 2.0000000000000013 200
2452 2.0000000000000013 200
2453 2.0000000000000013 200
2454 2.0000000000000013 200
2455 2.0000000000000013 200
2456 2.0000000000000013 200
2457 2.0000000000000013 200
2458 2.0000000000000013 200
2459 2.0000000000000013 200
2460 2.0000000000000013 200
2461 2.0000000000000013 200
2462 2.0000000000000013 200
2463 2.0000000000000013 200
2464 2.0000000000000013 200
2465 2.0000000000000013 200
2466 1.260000000000001 126
2467 2.0000000000000013 200
2468 0.8100000000000005 81
2469 2.0000000000000013 200
2470 2.0000000000000013 200
2471 2.0000000000000013 200
2472 2.0000000000000013 200
2473 2.0000000000000013 200
2474 2.0000000000000013 200
2475 2.0000000000000013 200
2476 2.0000000000000013 200
2477 2.0000000000000013 200
2478 2.0000000000000013 200
2479 2.0000000000000013 200
2480 0.5000000000000002 50
2481 2.0000000000000013 200
2482 2.0000000000000013 200
2483 2.0000000000000013 200
2484 2.0000000000000013 200
2485 2.0000000000000013 200
2486 2.0000000000000013 200
2487 2.0000000000000013 200
2488 2.0000000000000013 200
2489 2.0000000000000013 200
2490 2.0000000000000013 200
2491 2.0000000000000013 200
2492 2.0000000000000013 200
2493 2.0000000000000013 200
2494 2.0000000000000013 200
2495 2.0000000000000013 200
2496 2.0000000000000013 200
2497 2.0000000000000013 200
2498 2.0000000000000013 200
2499 2.0000000000000013 200
2500 2.0000000000000013 200
2501 2.0000000000000013 200
2502 2.0000000000000013 200
2503 2.0000000000000013 200
2504 2.0000000000000013 200
2505 2.0000000000000013 200
2506 2.0000000000000013 200
2507 2.0000000000000013 200
2508 2.0000000000000013 200
2509 2.0000000000000013 200
2510 2.0000000000000013 200
2511 2.0000000000000013 200
2512 2.0000000000000013 200
2513 2.0000000000000013 200
2514 2.0000000000000013 200
2515 2.0000000000000013 200
2516 2.0000000000000013 200
2517 2.0000000000000013 200
2518 2.0000000000000013 200
2519 0.7000000000000004 70
2520 1.360000000000001 136
2521 2.0000000000000013 200
2522 2.0000000000000013 200
2523 2.0000000000000013 200
2524 2.0000000000000013 200
2525 2.0000000000000013 200
2526 2.0000000000000013 200
2527 2.0000000000000013 200
2528 2.0000000000000013 200
2529 2.0000000000000013 200
2530 2.0000000000000013 200
2531 2.0000000000000013 200
2532 2.0000000000000013 200
2533 2.0000000000000013 200
2534 2.0000000000000013 200
2535 2.0000000000000013 200
2536 2.0000000000000013 200
2537 2.0000000000000013 200
2538 2.0000000000000013 200
2539 2.0000000000000013 200
2540 2.0000000000000013 200
2541 2.0000000000000013 200
2542 2.0000000000000013 200
2543 2.0000000000000013 200
2544 2.0000000000000013 200
2545 2.0000000000000013 200
2546 2.0000000000000013 200
2547 2.0000000000000013 200
2548 2.0000000000000013 200
2549 2.0000000000000013 200
2550 2.0000000000000013 200
2551 2.0000000000000013 200
2552 2.0000000000000013 200
2553 2.0000000000000013 200
2554 2.0000000000000013 200
2555 2.0000000000000013 200
2556 2.0000000000000013 200
2557 2.0000000000000013 200
2558 1.6700000000000013 167
2559 2.0000000000000013 200
2560 2.0000000000000013 200
2561 2.0000000000000013 200
2562 2.0000000000000013 200
2563 2.0000000000000013 200
2564 2.0000000000000013 200
2565 2.0000000000000013 200
2566 2.0000000000000013 200
2567 2.0000000000000013 200
2568 2.0000000000000013 200
2569 2.0000000000000013 200
2570 2.0000000000000013 200
2571 2.0000000000000013 200
2572 2.0000000000000013 200
2573 2.0000000000000013 200
2574 2.0000000000000013 200
2575 2.0000000000000013 200
2576 2.0000000000000013 200
2577 2.0000000000000013 200
2578 2.0000000000000013 200
2579 2.0000000000000013 200
2580 2.0000000000000013 200
2581 2.0000000000000013 200
2582 2.0000000000000013 200
2583 2.0000000000000013 200
2584 2.0000000000000013 200
2585 2.0000000000000013 200
2586 2.0000000000000013 200
2587 2.0000000000000013 200
2588 2.0000000000000013 200
2589 2.0000000000000013 200
2590 2.0000000000000013 200
2591 2.0000000000000013 200
2592 2.0000000000000013 200
2593 2.0000000000000013 200
2594 2.0000000000000013 200
2595 2.0000000000000013 200
2596 2.0000000000000013 200
2597 2.0000000000000013 200
2598 2.0000000000000013 200
2599 2.0000000000000013 200
2600 2.0000000000000013 200
2601 2.0000000000000013 200
2602 2.0000000000000013 200
2603 2.0000000000000013 200
2604 2.0000000000000013 200
2605 2.0000000000000013 200
2606 2.0000000000000013 200
2607 2.0000000000000013 200
2608 2.0000000000000013 200
2609 2.0000000000000013 200
2610 2.0000000000000013 200
2611 2.0000000000000013 200
2612 2.0000000000000013 200
2613 2.0000000000000013 200
2614 2.0000000000000013 200
2615 2.0000000000000013 200
2616 2.0000000000000013 200
2617 2.0000000000000013 200
2618 2.0000000000000013 200
2619 2.0000000000000013 200
2620 2.0000000000000013 200
2621 2.0000000000000013 200
2622 2.0000000000000013 200
2623 2.0000000000000013 200
2624 2.0000000000000013 200
2625 2.0000000000000013 200
2626 2.0000000000000013 200
2627 2.0000000000000013 200
2628 2.0000000000000013 200
2629 2.0000000000000013 200
2630 2.0000000000000013 200
2631 2.0000000000000013 200
2632 2.0000000000000013 200
2633 2.0000000000000013 200
2634 2.0000000000000013 200
2635 2.0000000000000013 200
2636 2.0000000000000013 200
2637 2.0000000000000013 200
2638 2.0000000000000013 200
2639 2.0000000000000013 200
2640 2.0000000000000013 200
2641 2.0000000000000013 200
2642 2.0000000000000013 200
2643 2.0000000000000013 200
2644 0.7400000000000004 74
2645 2.0000000000000013 200
2646 2.0000000000000013 200
2647 2.0000000000000013 200
2648 2.0000000000000013 200
2649 2.0000000000000013 200
2650 2.0000000000000013 200
2651 2.0000000000000013 200
2652 2.0000000000000013 200
2653 2.0000000000000013 200
2654 2.0000000000000013 200
2655 2.0000000000000013 200
2656 2.0000000000000013 200
2657 2.0000000000000013 200
2658 2.0000000000000013 200
2659 2.0000000000000013 200
2660 2.0000000000000013 200
2661 2.0000000000000013 200
2662 2.0000000000000013 200
2663 2.0000000000000013 200
2664 2.0000000000000013 200
2665 2.0000000000000013 200
2666 2.0000000000000013 200
2667 2.0000000000000013 200
2668 2.0000000000000013 200
2669 2.0000000000000013 200
2670 0.6800000000000004 68
2671 2.0000000000000013 200
2672 2.0000000000000013 200
2673 2.0000000000000013 200
2674 2.0000000000000013 200
2675 2.0000000000000013 200
2676 2.0000000000000013 200
2677 2.0000000000000013 200
2678 2.0000000000000013 200
2679 2.0000000000000013 200
2680 2.0000000000000013 200
