0 12337.6193 0.462 0.0528
1 19567.5193 0.2001 0.056
2 11769.2099 0.0187 0.0437
3 9437.304 -0.1081 0.0394
4 12132.8229 0.0705 0.04
5 1687.0959 -0.2055 0.0339
6 12811.0089 -0.0785 0.0417
7 92.4506 -0.3872 0.0223
8 8436.8169 -0.0021 0.041
9 11402.2056 -0.0336 0.0392
10 7158.1635 -0.0994 0.0378
11 5201.4747 -0.1642 0.0314
12 606.9918 -0.2603 0.0255
13 15264.73 0.0236 0.0457
14 2528.2149 -0.1968 0.0284
15 932.1309 -0.2677 0.0257
16 13648.8742 -0.0621 0.0423
17 7275.761 -0.0725 0.0383
18 1035.5477 -0.2035 0.0266
19 -2.6454 -0.3607 0.0138
20 691.1196 -0.256 0.0254
21 5020.7019 -0.2185 0.0305
22 6516.5141 -0.0638 0.0388
23 6250.4543 -0.135 0.0337
24 166.2449 -0.2818 0.0246
25 1311.8596 -0.2579 0.0289
26 16.613 -0.4037 0.0169
27 4586.1115 -0.1622 0.0321
28 6403.557 -0.1759 0.0356
29 187.8044 -0.3531 0.0219
30 518.7016 -0.2805 0.026
31 862.5809 -0.3155 0.0259
32 268.7346 -0.3903 0.017
33 4283.82 -0.2542 0.0343
34 382.0277 -0.2919 0.025
35 800.7771 -0.2793 0.0257
36 -7.0779 -0.4099 0.0142
37 7870.3846 -0.1947 0.0332
38 1135.9384 -0.3034 0.0257
39 470.2263 -0.3742 0.0243
40 284.0257 -0.4165 0.0217
41 2099.6873 -0.3737 0.0286
42 14807.1481 -0.0662 0.0411
43 418.8971 -0.3472 0.0221
44 90.3456 -0.4118 0.0181
45 15449.5743 -0.0391 0.0424
46 -12.178 -0.4647 0.0155
47 1393.7968 -0.293 0.025
48 10005.344 -0.1728 0.0351
49 262.6787 -0.3545 0.0243
50 21.1463 -0.342 0.0205
51 2369.9269 -0.1983 0.0288
52 850.2152 -0.2982 0.0234
53 12059.4644 -0.0003 0.0431
54 5660.9095 -0.1405 0.0338
55 -2.1641 -0.3758 0.014
56 5584.8856 -0.1888 0.0299
57 73.9901 -0.286 0.0205
58 283.9569 -0.2395 0.0229
59 908.0375 -0.2285 0.024
60 10961.8713 -0.0842 0.0399
61 2960.644 -0.1813 0.029
62 21127.327 0.0221 0.0452
63 11139.7125 -0.1125 0.0385
64 5348.8369 -0.1406 0.0379
65 433.2855 -0.3715 0.0238
66 8794.5309 -0.1573 0.0337
67 16029.3442 -0.0466 0.0431
68 2531.5179 -0.2366 0.0301
69 1055.6901 -0.2483 0.0265
70 357.841 -0.3475 0.0264
71 -1.3411 -0.4169 0.0161
72 3654.5849 -0.2356 0.0272
73 1200.8365 -0.231 0.03
74 4347.0242 -0.0737 0.0375
75 10123.8319 -0.1118 0.0386
76 21969.7942 0.0534 0.0488
77 16302.7357 0.2268 0.0468
78 1868.0763 -0.1762 0.0309
79 3190.469 -0.1006 0.0279
80 4896.0867 -0.0938 0.0312
81 17112.2598 0.2163 0.0489
82 855.2624 -0.2073 0.0259
83 6098.9329 -0.0767 0.0349
84 14616.1379 0.0243 0.0408
85 6.4387 -0.332 0.0179
86 -1.3742 -0.3661 0.0168
87 26.5046 -0.2975 0.0191
88 16852.9304 0.3679 0.0519
89 101.6567 -0.2308 0.0206
90 739.6744 -0.2443 0.0265
91 6091.3247 -0.0539 0.043
92 9.2235 -0.3294 0.0166
93 23.7118 -0.2915 0.0178
94 23487.5453 0.2396 0.0536
95 37.4707 -0.2736 0.0187
96 173.296 -0.2243 0.0202
97 6270.8249 0.0971 0.0434
98 6789.7361 -0.0915 0.031
99 2261.7651 -0.0414 0.0321
100 -1.0026 -0.3248 0.0157
101 3387.5293 0.0019 0.0404
102 11613.8036 0.1042 0.0433
103 8148.4179 0.0023 0.0365
104 11274.3269 -0.045 0.0351
105 3427.4809 -0.1241 0.0295
106 6458.3082 -0.0629 0.0327
107 892.5565 -0.1763 0.0246
108 11636.7184 0.0573 0.0379
109 13829.5291 0.166 0.0476
110 501.7861 -0.1562 0.0234
111 18519.9271 0.1525 0.05
112 14172.5622 0.4571 0.051
113 5817.2194 0.1446 0.0405
114 13656.0373 0.1883 0.0483
115 22668.7262 0.2244 0.0478
116 6043.7316 0.1313 0.0411
117 21439.2513 0.463 0.0573
118 17179.821 0.4548 0.0584
119 11696.2587 0.0802 0.0441
120 129.8052 -0.2145 0.0206
121 339.3979 -0.1603 0.0208
122 23.8567 -0.3078 0.0127
123 110.3761 -0.2428 0.0196
124 15039.3576 0.4598 0.057
125 15011.7865 0.4513 0.051
126 10162.2748 0.4517 0.0508
127 11878.8229 0.4672 0.061
128 23162.1813 0.4818 0.0593
129 9530.6642 0.4585 0.053
130 17474.4362 0.4557 0.0587
131 14064.8475 0.479 0.0651
132 7329.2305 0.4763 0.0494
133 19963.6653 0.4517 0.0622
134 19950.9536 0.4513 0.0626
135 15673.7031 0.4703 0.0602
136 7431.9333 0.4804 0.0532
137 11354.7936 0.4697 0.0573
138 8247.2511 0.4656 0.0583
139 8892.6715 0.4562 0.0493
140 17116.9423 0.4815 0.0508
141 9861.3507 0.4592 0.0543
142 10583.3326 0.4587 0.0525
143 8331.3774 0.4686 0.0548
144 10280.7489 0.4596 0.0532
145 15149.8815 0.4837 0.0637
146 17677.0147 0.4527 0.0604
147 29783.4644 0.3393 0.0586
148 30759.8714 0.398 0.0627
149 26742.0428 0.452 0.0601
150 9608.707 0.4701 0.0631
151 12483.3709 0.4506 0.0619
152 11194.9717 0.4598 0.066
153 38410.2014 0.466 0.0588
154 10914.1484 0.4706 0.0597
155 14344.0249 0.4888 0.0606
156 23876.3707 0.4553 0.0606
157 5645.6799 0.4571 0.0535
158 33348.9032 0.4506 0.0602
159 17271.1947 0.4542 0.0581
160 26824.879 0.4626 0.057
161 18822.5627 0.4521 0.0578
162 16636.3426 0.4695 0.0576
163 21144.0469 0.4657 0.06
164 21429.1194 0.467 0.0635
165 39002.3239 0.4516 0.0593
166 21248.9634 0.4646 0.062
167 13024.3027 0.4601 0.0588
168 12387.7041 0.4696 0.055
169 10440.8113 0.4769 0.0599
170 24834.1437 0.4668 0.0616
171 14823.0214 0.4586 0.0653
172 9736.7079 0.4669 0.0576
173 18630.6361 0.4611 0.0608
174 14350.8849 0.4559 0.0599
175 12242.2463 0.4655 0.0642
176 10412.4424 0.4537 0.065
177 12697.2229 0.4575 0.0643
178 13003.2075 0.4589 0.0633
179 10710.5843 0.4578 0.0633
180 13711.2571 0.4551 0.0599
181 11055.2263 0.4631 0.0602
182 33784.8421 0.4504 0.0596
183 23361.8089 0.4696 0.0638
184 8397.4448 0.4557 0.0592
185 23738.5749 0.45 0.0637
186 37816.7195 0.4721 0.0636
187 9656.1158 0.4524 0.0617
188 7893.4342 0.4671 0.0575
189 20655.7084 0.4656 0.065
190 10339.4945 0.4555 0.0619
191 15744.0185 0.4612 0.0604
192 17946.5812 0.4612 0.0653
193 12401.0813 0.4608 0.0657
194 10627.7592 0.4518 0.0629
195 7274.0146 0.4513 0.0559
196 9748.7236 0.4783 0.0676
197 10375.5431 0.4514 0.0648
198 11775.2296 0.4729 0.0647
199 7329.0979 0.4604 0.0616
200 18581.9665 0.4731 0.0654
201 14562.6242 0.467 0.0676
202 8074.3652 0.4556 0.0623
203 8442.8229 0.4645 0.0641
204 10856.9723 0.4677 0.0647
205 12385.246 0.4583 0.0653
206 8575.5158 0.4751 0.0654
207 7587.0092 0.4541 0.058
208 7870.3888 0.4529 0.0611
209 10689.0003 0.4738 0.0681
210 9980.7712 0.482 0.0664
211 6442.6476 0.4533 0.0579
212 7059.1742 0.4722 0.0584
213 6614.3112 0.467 0.0599
214 6328.3564 0.4598 0.0576
215 11632.398 0.4683 0.0644
216 10014.8134 0.4619 0.0639
217 8920.0354 0.4743 0.0653
218 5999.5404 0.4628 0.0572
219 6307.3918 0.4537 0.0551
220 10855.6703 0.4739 0.0661
221 15767.0714 0.482 0.065
222 11850.4422 0.4717 0.0645
223 12220.9648 0.466 0.0642
224 9459.5544 0.4706 0.0617
225 11214.7384 0.4528 0.0669
226 16206.7813 0.4524 0.0649
227 8618.1344 0.4687 0.0637
228 8873.2975 0.4687 0.0663
229 13693.2918 0.4752 0.0656
230 8018.9003 0.4684 0.0641
231 20547.7524 0.4569 0.0632
232 8827.2345 0.464 0.0628
233 14348.7192 0.4576 0.0639
234 19309.4361 0.4595 0.0662
235 7228.4789 0.4516 0.0613
236 9377.1185 0.4786 0.0664
237 5172.7037 0.4666 0.0598
238 11045.6098 0.4691 0.0681
239 11237.0114 0.4731 0.0682
240 10783.4883 0.4527 0.0639
241 12879.6421 0.4828 0.0657
242 12886.6816 0.45 0.0662
243 7245.631 0.4572 0.0655
244 10146.4671 0.4588 0.0653
245 7830.3388 0.4751 0.0638
246 15430.4586 0.4929 0.0651
247 10561.3824 0.4648 0.062
248 14831.7651 0.4958 0.0651
249 13372.2353 0.4583 0.0649
250 6162.7576 0.467 0.0557
251 7637.4405 0.4667 0.059
252 14168.4266 0.4888 0.0651
253 9609.8646 0.4604 0.0653
254 4777.2703 0.4588 0.0535
255 7665.8345 0.4534 0.0649
256 12946.161 0.4559 0.064
257 7129.1423 0.4552 0.0628
258 10193.6444 0.4775 0.0658
259 10215.04 0.484 0.0666
260 4731.0136 0.4561 0.0531
261 10762.265 0.4607 0.0667
262 10862.0321 0.4551 0.067
263 12342.4501 0.4632 0.0675
264 6937.1466 0.4775 0.0626
265 4609.1086 0.4619 0.0515
266 6691.7658 0.4693 0.059
267 9236.0584 0.4518 0.0656
268 9036.2505 0.4735 0.0653
269 8436.8734 0.4823 0.0625
270 10589.2572 0.4708 0.0674
271 10130.1912 0.4693 0.0674
272 9029.7042 0.4692 0.0638
273 9058.3439 0.4766 0.0643
274 10185.845 0.4758 0.0626
275 6565.1961 0.4621 0.0642
276 8706.3926 0.4596 0.0656
277 8966.898 0.4863 0.0664
278 5871.619 0.4641 0.0643
279 6535.1966 0.46 0.0647
280 6893.3122 0.4636 0.0637
281 10501.2981 0.4689 0.0659
282 7171.6591 0.4693 0.0664
283 10489.6145 0.4654 0.067
284 4905.6671 0.4771 0.06
285 11267.7448 0.4878 0.0674
286 5578.1687 0.4513 0.0568
287 6511.1152 0.4541 0.0632
288 6943.2538 0.4767 0.0661
289 7235.285 0.479 0.0658
290 7561.1466 0.4606 0.0653
291 7755.2908 0.4715 0.0675
292 10402.6038 0.4978 0.0657
293 4309.5823 0.4587 0.0531
294 6730.0493 0.4875 0.065
295 4389.6109 0.4596 0.0538
296 6849.1399 0.4752 0.0667
297 12248.0889 0.5034 0.068
298 9997.1186 0.4511 0.0669
299 9410.7686 0.4712 0.0665
300 7145.2375 0.4853 0.0635
301 7890.6226 0.4752 0.0631
302 9555.8436 0.4683 0.0655
303 8486.6778 0.4825 0.0676
304 3936.5333 0.4527 0.0534
305 4527.0087 0.4631 0.0558
306 7906.0534 0.4791 0.0641
307 6396.9293 0.4631 0.0647
308 10231.183 0.4571 0.0645
309 4203.2363 0.4826 0.053
310 8819.654 0.4771 0.0675
311 7885.1621 0.4627 0.0646
312 8457.5409 0.4846 0.0667
313 4813.0627 0.4573 0.0554
314 12056.851 0.4744 0.0654
315 15782.7456 0.4539 0.0632
316 13442.3848 0.4625 0.0641
317 9878.4285 0.481 0.0617
318 5382.1689 0.4703 0.0576
319 9309.2666 0.4812 0.0641
320 10260.8427 0.4653 0.0627
321 11986.3117 0.4598 0.0617
322 13917.8771 0.4911 0.0668
323 8253.0729 0.4893 0.062
324 6083.9355 0.4574 0.0671
325 8933.9206 0.4577 0.0673
326 5297.767 0.465 0.0569
327 7534.5135 0.4748 0.0627
328 8807.6056 0.4785 0.0666
329 8359.8665 0.4962 0.0669
330 4044.2689 0.459 0.0526
331 4431.9758 0.4643 0.0522
332 7790.9243 0.4692 0.0661
333 7632.0034 0.4698 0.0658
334 6348.243 0.4634 0.0654
335 5394.0482 0.4695 0.0604
336 6931.119 0.4575 0.0637
337 8398.724 0.4621 0.0664
338 5299.2651 0.453 0.0561
339 8078.1666 0.4577 0.0661
340 11317.2545 0.4873 0.0652
341 4408.7498 0.4515 0.0566
342 6329.1858 0.4794 0.0637
343 13985.8465 0.4715 0.0641
344 9026.2581 0.4602 0.0669
345 4579.8458 0.4577 0.0537
346 5181.6874 0.4826 0.0606
347 12303.0285 0.4572 0.0681
348 7254.3688 0.4813 0.0665
349 4751.9916 0.4567 0.0591
350 7494.5674 0.4907 0.0673
351 11468.8832 0.4863 0.066
352 7318.1264 0.4509 0.0656
353 6196.9633 0.4633 0.0643
354 8889.6107 0.478 0.0673
355 8146.406 0.4594 0.0638
356 4882.6267 0.4569 0.0582
357 4300.8103 0.4543 0.0524
358 5234.5749 0.4524 0.0591
359 9581.1484 0.4565 0.0673
360 7134.5772 0.481 0.066
361 11263.4465 0.487 0.0653
362 11308.8731 0.4864 0.0634
363 7150.8473 0.4669 0.0666
364 9515.5343 0.4759 0.0669
365 5888.758 0.4935 0.0653
366 4510.1299 0.4595 0.0556
367 5307.4471 0.4626 0.0582
368 7832.8772 0.4767 0.0666
369 10797.243 0.4526 0.0665
370 7873.6932 0.467 0.0659
371 11835.3848 0.4802 0.0676
372 8092.997 0.472 0.0655
373 9958.0941 0.4924 0.0664
374 12355.1045 0.4794 0.0651
375 8068.0724 0.4938 0.0671
376 8993.9528 0.4848 0.0608
377 5840.5069 0.4628 0.0644
378 8494.6042 0.4647 0.0669
379 13967.6574 0.4856 0.0667
380 8117.1301 0.4839 0.0667
381 6946.1386 0.4644 0.068
382 11759.9297 0.4602 0.0667
383 5857.8033 0.4597 0.0671
384 13636.2341 0.4603 0.0673
385 6714.7039 0.4519 0.0648
386 10795.1925 0.4846 0.0655
387 11383.1482 0.4695 0.0644
388 9553.9893 0.4931 0.0672
389 6172.4094 0.4638 0.0662
390 9378.8734 0.4578 0.0649
391 11381.7116 0.4525 0.0654
392 12072.2157 0.4775 0.0623
393 5438.1512 0.4599 0.0629
394 5454.7557 0.4618 0.0603
395 6627.6082 0.4823 0.0668
396 7087.7157 0.4822 0.0655
397 6905.212 0.4604 0.0678
398 5445.3425 0.462 0.0633
399 8154.8541 0.4889 0.0667
400 7362.1467 0.4748 0.0672
401 13545.8207 0.5029 0.0667
402 13694.6524 0.4733 0.0663
403 8430.3927 0.4712 0.064
404 7011.6404 0.4872 0.0671
405 6484.037 0.4796 0.0665
406 7999.625 0.4885 0.0657
407 8176.6812 0.4756 0.0656
408 5124.3246 0.479 0.0626
409 11360.6925 0.468 0.0659
410 12606.6098 0.4943 0.067
411 11964.3949 0.4714 0.0668
412 4196.5826 0.4621 0.0568
413 8595.3454 0.4624 0.0647
414 5406.1096 0.4598 0.0602
415 5973.7852 0.4715 0.0661
416 8886.9264 0.5024 0.0652
417 6376.5904 0.4772 0.0606
418 6940.6191 0.4851 0.0659
419 10660.293 0.5053 0.064
420 5644.2396 0.4643 0.0605
421 6712.6799 0.4836 0.0639
422 5051.9765 0.4755 0.0586
423 14640.0116 0.4888 0.0671
424 5369.6353 0.4615 0.0605
425 5174.6959 0.4524 0.0601
426 5478.2351 0.4689 0.063
427 4771.5847 0.462 0.0573
428 6860.8482 0.4919 0.0657
429 6336.2425 0.4953 0.0657
430 7399.2318 0.4792 0.0678
431 4175.1454 0.4726 0.0541
432 5466.8471 0.4606 0.0567
433 11129.4482 0.4526 0.0672
434 8760.8338 0.4622 0.0676
435 5912.4049 0.4536 0.0645
436 4499.5823 0.4516 0.0508
437 9298.6645 0.4879 0.0671
438 6021.9294 0.4724 0.065
439 7529.3252 0.4718 0.067
440 3619.9103 0.46 0.05
441 10052.2218 0.468 0.0657
442 9676.0156 0.4574 0.0677
443 11179.1185 0.4794 0.0677
444 4756.5169 0.459 0.0566
445 6056.0673 0.4505 0.0661
446 10298.2163 0.489 0.0667
447 7100.3629 0.4904 0.0665
448 5226.4485 0.4526 0.0569
449 8751.4534 0.477 0.0655
450 6679.0083 0.4661 0.0657
451 6746.4952 0.4798 0.0673
452 7580.357 0.491 0.0669
453 8426.3896 0.4681 0.0632
454 5942.9279 0.4537 0.0603
455 6973.6276 0.4628 0.0664
456 8229.146 0.4924 0.068
457 5855.9868 0.4948 0.0626
458 7151.0202 0.4963 0.0668
459 7499.1759 0.4848 0.0681
460 7601.9182 0.4586 0.0667
461 8493.2763 0.4796 0.066
462 8782.6445 0.4887 0.0672
463 9817.1171 0.4575 0.0659
464 5929.2498 0.458 0.0629
465 6482.0748 0.4681 0.0667
466 13480.8909 0.4818 0.067
467 8284.9791 0.4504 0.0669
468 10157.5193 0.4959 0.0674
469 9857.588 0.4533 0.065
470 5297.5891 0.4606 0.0623
471 10271.9114 0.456 0.0655
472 6849.8588 0.4573 0.0643
473 5361.5095 0.4756 0.059
474 7579.487 0.4693 0.0673
475 8011.947 0.4594 0.0644
476 7795.5162 0.4526 0.065
477 8471.5156 0.4713 0.067
478 6333.9705 0.4754 0.066
479 7620.4898 0.5007 0.0665
480 7433.1079 0.4681 0.0621
481 5049.9603 0.4586 0.062
482 5383.2302 0.462 0.0613
483 9400.8177 0.4692 0.0648
484 5238.7188 0.4629 0.0607
485 10743.4598 0.4653 0.0678
486 10628.2455 0.4503 0.0663
487 7837.5373 0.4806 0.0681
488 5469.4724 0.4655 0.062
489 10104.2906 0.4757 0.0671
490 11503.2984 0.4982 0.0681
491 9386.2352 0.452 0.066
492 5621.5113 0.4557 0.0585
493 8213.6312 0.4964 0.0671
494 10546.3403 0.4744 0.0674
495 11627.4496 0.4788 0.0653
496 10654.9347 0.4909 0.0676
497 6286.8448 0.4799 0.0673
498 10473.3055 0.4507 0.0681
499 3788.2886 0.4792 0.0523
500 6314.804 0.4534 0.0642
501 8464.0542 0.4694 0.0639
502 9735.3596 0.4724 0.0675
503 10352.0679 0.4614 0.0631
504 9303.3982 0.4621 0.0655
505 6057.0571 0.463 0.0646
506 10909.2665 0.4806 0.0667
507 10366.7667 0.4513 0.0674
508 7439.16 0.4704 0.0647
509 8277.2973 0.4872 0.068
510 8022.2618 0.4813 0.0677
511 7848.9833 0.4908 0.0665
512 7539.9713 0.4561 0.0673
513 9564.4215 0.4586 0.0678
514 10769.2461 0.4531 0.0681
515 10580.6845 0.4587 0.0677
516 3885.9136 0.4622 0.0523
517 9996.447 0.466 0.068
518 5968.0382 0.4503 0.0591
519 9769.3173 0.4602 0.0659
520 9988.8214 0.4837 0.067
521 7353.4099 0.4785 0.0669
522 8611.1793 0.454 0.067
523 5541.1511 0.4661 0.0629
524 9048.2407 0.481 0.0661
525 3702.564 0.4588 0.0533
526 6822.2798 0.4739 0.0632
527 6708.5909 0.4783 0.0654
528 6392.1724 0.4658 0.0677
529 5216.3521 0.4674 0.0592
530 7164.3253 0.4685 0.0681
531 8076.9906 0.474 0.0679
532 7615.5978 0.4642 0.068
533 6743.8056 0.475 0.0656
534 6237.1191 0.4855 0.0634
535 6644.0729 0.4639 0.0679
536 4546.8255 0.4668 0.0551
537 8112.7681 0.4759 0.0681
538 6511.6086 0.5021 0.0681
539 6433.6478 0.465 0.0676
540 5479.9012 0.4515 0.0597
541 5115.4258 0.4565 0.0588
542 12086.5067 0.4558 0.0658
543 12520.7015 0.4884 0.0667
544 6643.1337 0.4833 0.0658
545 6889.9651 0.4698 0.068
546 4174.4356 0.4587 0.0559
547 9977.5221 0.4535 0.0659
548 11837.4095 0.4709 0.0639
549 6310.9404 0.4555 0.0584
550 12674.4108 0.4525 0.0663
551 11810.7963 0.4585 0.0668
552 12412.9996 0.4734 0.0651
553 5914.8832 0.4627 0.0641
554 6889.4639 0.4651 0.0674
555 6591.1222 0.4828 0.0668
556 11149.1534 0.4571 0.0647
557 7137.4211 0.4701 0.0629
558 8052.6061 0.4527 0.0671
559 8471.8251 0.4852 0.0672
560 7766.1942 0.4766 0.0631
561 8598.2446 0.4817 0.068
562 11609.4116 0.4697 0.0674
563 5748.9302 0.4552 0.0585
564 6794.5961 0.4738 0.0621
565 4813.1045 0.4688 0.0592
566 7946.9316 0.4891 0.0669
567 6709.3928 0.4884 0.0664
568 6491.218 0.4785 0.0642
569 9019.5694 0.4535 0.0653
570 4496.8491 0.4509 0.0553
571 10267.435 0.4551 0.0663
572 6928.6865 0.5058 0.0674
573 8135.5075 0.48 0.0632
574 12163.041 0.4953 0.0678
575 8141.4457 0.4815 0.0672
576 6824.3501 0.4637 0.0678
577 9520.2137 0.4801 0.0671
578 5683.3286 0.4675 0.0653
579 8426.3381 0.4756 0.0668
580 6800.1799 0.4859 0.0652
581 12448.6583 0.4647 0.0668
582 10768.9532 0.4644 0.0678
583 10815.8675 0.4602 0.0683
584 10962.8317 0.4634 0.0673
585 6615.0122 0.4556 0.0681
586 7853.415 0.4791 0.0674
587 11549.9995 0.4744 0.0646
588 8132.575 0.4662 0.0665
589 11790.0031 0.4602 0.0675
590 6879.1715 0.454 0.0655
591 7001.1144 0.4605 0.0638
592 11803.8155 0.4542 0.0655
593 13146.5106 0.461 0.0665
594 7268.6034 0.478 0.0675
595 5475.9588 0.4916 0.0616
596 12085.591 0.4595 0.0674
597 7287.3477 0.4507 0.0683
598 11708.3773 0.4558 0.0651
599 12489.484 0.4994 0.0677
600 7072.0676 0.4701 0.0661
601 6486.3165 0.4737 0.0648
602 11113.0269 0.477 0.0658
603 13216.7277 0.4801 0.0664
604 7832.2478 0.476 0.0657
605 7934.9025 0.4959 0.0684
606 6334.6795 0.4688 0.0656
607 6420.1323 0.4787 0.0598
608 13193.362 0.4527 0.0677
609 7610.7241 0.4923 0.0666
610 7299.9581 0.4706 0.066
611 6837.3284 0.4721 0.0665
612 5098.4947 0.453 0.0592
613 6612.11 0.4572 0.0643
614 6926.8494 0.4594 0.0641
615 8837.5486 0.4837 0.0671
616 4741.1532 0.4581 0.059
617 13257.1288 0.4673 0.0658
618 6792.3366 0.4852 0.0603
619 14499.2019 0.4596 0.0666
620 10375.8644 0.4564 0.0667
621 6551.9414 0.4513 0.0684
622 7208.4668 0.4729 0.0668
623 7975.8934 0.4689 0.0684
624 4828.5491 0.4585 0.0558
625 11881.6007 0.4983 0.0682
626 6586.3716 0.4791 0.0666
627 7903.7671 0.4673 0.0645
628 7329.5992 0.4554 0.0671
629 8574.105 0.4595 0.0669
630 7851.7757 0.5021 0.0646
631 7492.3965 0.4525 0.0653
632 5296.4855 0.4599 0.0579
633 8126.696 0.4551 0.0622
634 11086.4786 0.4809 0.0663
635 7906.5047 0.4918 0.0653
636 6824.3937 0.4736 0.0655
637 12405.7861 0.4674 0.068
638 7528.915 0.4866 0.0659
639 7678.5307 0.484 0.0657
640 6504.9087 0.482 0.0653
641 4215.9076 0.4515 0.0532
642 5148.5371 0.4563 0.0565
643 11596.8002 0.4724 0.0657
644 11372.0911 0.4689 0.0646
645 6452.0999 0.4851 0.0667
646 7985.679 0.4513 0.0657
647 4987.6154 0.4546 0.0573
648 11879.4616 0.4553 0.0662
649 6158.1844 0.4708 0.0604
650 7896.4292 0.4545 0.0669
651 8741.7204 0.499 0.0672
652 12520.7111 0.4729 0.066
653 8823.3938 0.4826 0.0676
654 6460.724 0.4594 0.0624
655 7702.9809 0.4702 0.0647
656 7454.5555 0.4769 0.0664
657 9376.3877 0.4889 0.0639
658 7121.8666 0.4634 0.0678
659 9899.3844 0.461 0.0668
660 7937.7689 0.4579 0.0677
661 8265.2777 0.4855 0.0681
662 6679.0473 0.4828 0.0662
663 8381.2187 0.4594 0.0664
664 12552.041 0.4565 0.0646
665 4366.8106 0.4555 0.0545
666 8123.5977 0.4775 0.067
667 10190.6909 0.4593 0.0681
668 7946.112 0.4968 0.0671
669 12698.2262 0.4665 0.0669
670 7368.9049 0.4924 0.0662
671 7394.2072 0.4683 0.0678
672 10817.8744 0.4599 0.066
673 8459.8786 0.4736 0.0666
674 7273.7654 0.4659 0.0675
675 7437.6045 0.4645 0.0661
676 8439.076 0.4651 0.0683
677 4063.6117 0.4514 0.0513
678 9030.5322 0.4528 0.0657
679 7501.8745 0.4752 0.0644
680 4974.6809 0.4612 0.0622
681 12784.5879 0.4736 0.0679
682 10299.1348 0.4509 0.0659
683 10287.3953 0.4605 0.0669
684 7380.6783 0.4503 0.0672
685 7116.0905 0.4605 0.0659
686 8215.3438 0.4937 0.067
687 14287.5842 0.4643 0.0676
688 12856.964 0.4765 0.0683
689 18711.6961 0.4661 0.0677
690 5745.8428 0.4604 0.0593
691 8050.1342 0.465 0.0646
692 8885.727 0.4743 0.0647
693 11422.5115 0.469 0.0638
694 14630.5993 0.4752 0.0672
695 6753.8549 0.4661 0.0649
696 8995.5467 0.4552 0.0674
697 8549.384 0.4512 0.0663
698 5629.1713 0.4571 0.0607
699 7470.9225 0.4542 0.0652
700 7277.3357 0.4514 0.0669
701 6361.9759 0.4632 0.0637
702 8756.3213 0.4697 0.0667
703 8040.2295 0.469 0.0673
704 17226.4896 0.4708 0.0659
705 5798.4083 0.4528 0.0609
706 9255.8122 0.5056 0.0677
707 12772.7112 0.4584 0.0677
708 7611.4401 0.4597 0.0646
709 10843.513 0.4695 0.0652
710 7647.0233 0.4739 0.0667
711 7970.4694 0.4647 0.0673
712 6067.9966 0.4548 0.0633
713 11476.6296 0.4561 0.0632
714 6865.1628 0.4514 0.0644
715 11846.9259 0.4512 0.0637
716 12098.6937 0.5042 0.0661
717 7087.0791 0.4685 0.0676
718 6672.3591 0.4523 0.0654
719 5344.1035 0.4528 0.0643
720 11827.4893 0.4792 0.0651
721 9967.6234 0.453 0.0668
722 12556.095 0.4831 0.0678
723 10448.6698 0.4686 0.0658
724 6297.4434 0.4534 0.0617
725 12646.6706 0.4885 0.0674
726 8808.737 0.4758 0.0679
727 7847.7184 0.4684 0.0662
728 6366.8468 0.4872 0.0637
729 5971.9412 0.4644 0.0642
730 14039.4437 0.4602 0.0668
731 8334.2656 0.4771 0.0682
732 10879.7466 0.4595 0.0655
733 7877.5547 0.4917 0.0673
734 6942.9054 0.4971 0.0648
735 13271.9728 0.4655 0.0654
736 12880.7716 0.4519 0.0676
737 8708.9566 0.4646 0.0653
738 6937.8793 0.4796 0.0588
739 12896.2857 0.4604 0.0658
740 10319.191 0.5011 0.0676
741 6545.0811 0.4829 0.0661
742 8376.5798 0.4729 0.066
743 6641.0619 0.4528 0.0656
744 8072.3989 0.4697 0.0667
745 10776.1823 0.4861 0.0678
746 6641.7064 0.4529 0.0632
747 9528.8136 0.4512 0.0682
748 6670.4859 0.4881 0.0642
749 6397.6042 0.4609 0.065
750 13051.6223 0.4699 0.0667
751 11165.8629 0.4704 0.0631
752 5432.0443 0.4582 0.0574
753 7631.6952 0.4628 0.0658
754 7573.8236 0.4722 0.067
755 6315.7799 0.4781 0.0666
756 8879.1728 0.4715 0.0676
757 6611.9449 0.4678 0.0681
758 14621.8743 0.4579 0.0673
759 8484.3216 0.465 0.0666
760 7544.9346 0.4686 0.0643
761 7680.8075 0.4677 0.0679
762 8797.4147 0.4842 0.0668
763 15043.9937 0.4541 0.0669
764 6418.1059 0.4669 0.0644
765 6084.5408 0.4519 0.0605
766 7906.5167 0.472 0.0658
767 7071.438 0.487 0.067
768 8133.8657 0.497 0.0677
769 8792.3919 0.4789 0.0668
770 6947.7211 0.4775 0.065
771 8581.4642 0.4904 0.0661
772 19624.5139 0.4587 0.068
773 8365.4154 0.4727 0.0657
774 9767.1798 0.4519 0.0675
775 6678.5655 0.4686 0.0635
776 7289.2377 0.4676 0.0658
777 7173.5709 0.4769 0.0649
778 6371.5901 0.4674 0.0656
779 4937.0548 0.4672 0.0587
780 9997.6835 0.4505 0.0625
781 9782.8088 0.5041 0.0653
782 5346.1691 0.455 0.0612
783 10994.261 0.4773 0.067
784 7498.846 0.4571 0.0659
785 7310.1217 0.4615 0.062
786 15062.4021 0.4523 0.0673
787 9482.956 0.4551 0.0673
788 11646.1405 0.4868 0.0685
789 8793.1416 0.4608 0.0674
790 8801.0326 0.4923 0.0669
791 11445.563 0.4559 0.066
792 12858.7204 0.4701 0.0633
793 8844.365 0.4652 0.0665
794 8056.5135 0.4979 0.0676
795 8756.9604 0.4875 0.0667
796 9300.3219 0.4931 0.066
797 7810.9066 0.4663 0.0676
798 9131.4334 0.4795 0.0675
799 7030.8771 0.4579 0.0678
800 7269.1649 0.4656 0.067
801 6847.9015 0.4534 0.0647
802 6566.6833 0.4705 0.0654
803 6554.992 0.4929 0.0684
804 8600.6791 0.4552 0.0652
805 10603.442 0.4548 0.0667
806 15223.0589 0.4649 0.0674
807 8524.9216 0.4533 0.0665
808 10674.4102 0.4646 0.0653
809 7847.6075 0.4918 0.0683
810 7314.7948 0.4799 0.0684
811 14119.8854 0.493 0.0675
812 6493.3219 0.4711 0.0618
813 4112.1105 0.451 0.0515
814 13292.5378 0.4568 0.0646
815 7067.1269 0.5021 0.066
816 6247.1495 0.4616 0.0632
817 8959.863 0.4672 0.0643
818 11807.0565 0.4541 0.0671
819 7232.9201 0.4759 0.0655
820 5780.2771 0.4723 0.0603
821 7728.2023 0.4529 0.0669
822 6614.7233 0.4631 0.0662
823 8360.1886 0.4687 0.066
824 7500.9937 0.4773 0.0669
825 5886.3623 0.4905 0.0644
826 7807.5142 0.4606 0.0676
827 6409.5289 0.4849 0.063
828 12032.0704 0.458 0.0631
829 7199.3929 0.482 0.0674
830 14155.7564 0.4958 0.0678
831 11851.6784 0.4769 0.0659
832 12232.8471 0.4792 0.0678
833 6053.4331 0.4761 0.0619
834 8791.5673 0.4717 0.0665
835 11764.1304 0.4607 0.0671
836 5250.4159 0.4547 0.054
837 6938.6161 0.4884 0.0667
838 9859.9039 0.4849 0.0654
839 10806.2565 0.4608 0.0669
840 10640.7369 0.4724 0.0679
841 5486.0925 0.4517 0.0586
842 4674.2781 0.4711 0.0578
843 6665.0778 0.4803 0.0664
844 6939.6709 0.4855 0.0647
845 7243.9788 0.4726 0.0645
846 8786.0938 0.4535 0.0644
847 7876.4025 0.4593 0.0681
848 8044.1787 0.4819 0.0678
849 7313.1138 0.4661 0.0664
850 8307.6509 0.4772 0.0643
851 8160.5492 0.4749 0.0666
852 8201.1879 0.4664 0.0665
853 7980.4911 0.4619 0.0668
854 7525.6703 0.4745 0.0671
855 12954.441 0.4598 0.0667
856 5164.1446 0.4584 0.0579
857 8472.9907 0.4628 0.067
858 5996.8811 0.4771 0.0578
859 5120.7177 0.4656 0.0604
860 8680.2179 0.4514 0.0673
861 13301.9146 0.4851 0.0659
862 5178.6264 0.45 0.0572
863 6811.3663 0.4791 0.0675
864 14711.6155 0.4578 0.0668
865 11916.4195 0.4965 0.0678
866 6487.1614 0.4593 0.0618
867 10307.835 0.495 0.0667
868 10640.7976 0.4506 0.0649
869 6292.0208 0.4602 0.0614
870 8482.1241 0.4588 0.068
871 8798.5709 0.4722 0.0655
872 6921.5567 0.4583 0.0656
873 7054.7545 0.4643 0.0657
874 7692.5197 0.4858 0.0669
875 7731.1581 0.4569 0.0672
876 4437.3598 0.4757 0.0571
877 6820.1138 0.4537 0.0676
878 8421.9513 0.4842 0.0663
879 6287.8616 0.4891 0.0651
880 7186.2969 0.4588 0.0678
881 7891.4939 0.4658 0.0633
882 5386.0699 0.461 0.0589
883 6511.4733 0.4774 0.0645
884 8402.2355 0.4558 0.0646
885 7242.2035 0.451 0.0664
886 13122.5417 0.47 0.068
887 9624.8591 0.4526 0.0677
888 10347.713 0.5079 0.0675
889 7041.2769 0.4511 0.0629
890 4669.4372 0.4704 0.0574
891 8385.9713 0.4784 0.0666
892 11260.6359 0.4634 0.0657
893 8773.8146 0.473 0.0672
894 11151.512 0.4538 0.0654
895 6854.031 0.4748 0.0631
896 5261.9999 0.46 0.0607
897 5010.0927 0.4672 0.0582
898 11773.0475 0.4596 0.0646
899 7561.5329 0.4629 0.0654
900 4953.5808 0.455 0.0536
901 6803.7193 0.4827 0.0644
902 7795.6166 0.4742 0.0672
903 7189.3768 0.4842 0.0655
904 13530.9634 0.4677 0.0666
905 7689.2965 0.4695 0.066
906 7554.6391 0.492 0.0653
907 12232.2189 0.4828 0.067
908 6146.2221 0.4773 0.0619
909 8682.9229 0.4671 0.0676
910 10963.6756 0.4779 0.0667
911 5431.9452 0.4847 0.0591
912 8316.8255 0.4555 0.0643
913 11232.9609 0.4533 0.0666
914 8139.1613 0.4876 0.0679
915 6855.1511 0.5013 0.0686
916 6517.9156 0.4731 0.0678
917 7554.5316 0.4526 0.066
918 12103.0454 0.4566 0.0659
919 6786.7458 0.4782 0.0655
920 7463.5682 0.5024 0.0677
921 9117.7637 0.4647 0.0646
922 13752.3858 0.4822 0.0637
923 8165.7719 0.4554 0.0677
924 7572.7363 0.4852 0.0678
925 7470.5561 0.4562 0.0638
926 8592.0609 0.4513 0.0683
927 6569.3779 0.4701 0.0663
928 10434.0513 0.4669 0.0685
929 10134.2117 0.4595 0.0642
930 7765.5749 0.4903 0.0673
931 7945.3948 0.4602 0.0677
932 7390.2778 0.4553 0.0666
933 7639.9556 0.4607 0.0671
934 4523.747 0.4774 0.0571
935 7960.8406 0.4714 0.0683
936 7848.1765 0.478 0.0674
937 5903.9612 0.4734 0.064
938 8032.6339 0.4865 0.0672
939 7195.7329 0.4531 0.0669
940 7192.4701 0.4504 0.0663
941 6537.8436 0.4704 0.0664
942 12326.6626 0.4913 0.0671
943 7289.4133 0.4884 0.0674
944 7893.6413 0.4816 0.0671
945 9886.4681 0.455 0.0674
946 7193.6055 0.4685 0.0645
947 7036.4723 0.4541 0.0654
948 13052.5416 0.5054 0.0678
949 6825.1679 0.5063 0.067
950 11347.5512 0.4966 0.0673
951 7315.7593 0.4805 0.0674
952 7033.6114 0.4821 0.0655
953 6501.5792 0.4587 0.0575
954 10809.1093 0.4506 0.0669
955 6034.9625 0.4667 0.0619
956 6113.1553 0.4631 0.0605
957 8482.1333 0.4854 0.0659
958 6757.6592 0.4554 0.0668
959 5147.016 0.4622 0.0574
960 8624.2552 0.4751 0.0642
961 6529.2795 0.4644 0.0666
962 7745.5059 0.4619 0.0645
963 12848.0859 0.459 0.0678
964 6855.0507 0.4509 0.067
965 5090.4585 0.4554 0.0599
966 7029.3642 0.4524 0.0678
967 7024.486 0.4769 0.066
968 7368.1416 0.4533 0.0659
969 8032.6172 0.4982 0.0656
970 12432.7915 0.4783 0.0662
971 10422.6458 0.4655 0.0671
972 8457.3902 0.4855 0.0682
973 6845.9221 0.4739 0.0629
974 6737.0808 0.4604 0.0664
975 8870.5324 0.4549 0.0632
976 6725.3887 0.4986 0.0673
977 6578.6979 0.4929 0.0669
978 7213.3187 0.4616 0.0678
979 8540.8566 0.4734 0.0667
980 8541.2546 0.4649 0.0679
981 8689.8542 0.4942 0.0669
982 5791.6693 0.4785 0.0643
983 6269.3559 0.4613 0.0657
984 5335.013 0.4546 0.0581
985 7039.1295 0.4747 0.0672
986 5756.1954 0.4727 0.064
987 7872.9897 0.4928 0.0667
988 8144.3101 0.4651 0.0667
989 4449.787 0.4544 0.0574
990 8340.8258 0.4948 0.068
991 5105.0993 0.4589 0.0596
992 5372.4319 0.4728 0.0598
993 10180.6013 0.456 0.0676
994 8417.7787 0.4616 0.0675
995 8614.7143 0.4645 0.0654
996 11411.4496 0.4677 0.0662
997 6456.9188 0.5005 0.0664
998 6478.1202 0.4884 0.068
999 5826.997 0.4641 0.0626
