0 -8414 -6.148906082485981
1 -8401 -8.914723593432146
2 -7652 -10.270814971522883
3 -7406 -13.812528925734359
4 -7462 -18.994198816316622
5 -7484 -24.16928456757997
6 -6721 -17.690433462341506
7 -6247 -12.486117722871187
8 -227 -6.058995153930214
9 -2112 -4.813749482622137
10 -91 -4.577196139592427
11 -7488 -4.524788431435436
12 -340 -4.010294092876895
13 -72 -3.5342739374116734
14 -182 -2.853173491609347
15 -142 -0.34627519682183994
16 -275 0.6907717712946959
17 -5 1.176999092519701
18 -147 1.717628234932134
19 -289 2.546325321267317
20 -364 3.6274694812309756
21 -140 4.8291569288309155
22 -140 6.091888940370119
23 -557 7.203423367844926
24 -136 8.05509264595635
25 -329 8.703629110907173
26 -132 9.294423946747193
27 -129 9.71209274230896
28 -348 9.950201130486107
29 -142 10.0725687411693
30 -253 10.332380096236983
31 -242 10.508567095518828
32 -121 10.697654603360531
33 -10 11.043567329078346
34 -127 11.191872663564748
35 -257 11.555659365725589
36 -8 11.982675775751337
37 -10 12.093007704397818
38 -136 12.475849382631534
39 -143 12.639949954188502
40 -138 12.620877096960852
41 -134 12.776355836961839
42 -352 12.924975874426368
43 -9 13.083819144003623
44 -134 12.892667175651908
45 -254 13.075687781707183
46 -135 13.100451206898427
47 -125 13.259867306347486
48 -349 13.065324059716454
49 -137 13.01880915530093
50 -132 12.607293636829883
51 -135 12.557110282393905
52 -2 12.314248164256176
53 -132 12.277683427025964
54 -7476 11.826447414325642
55 -130 11.62643699149589
56 -409 11.23688354243984
57 -278 11.087335395622063
58 -131 10.818685812754435
59 -123 10.578286533718472
60 -150 10.48748892324942
61 -147 10.805845602854594
62 -359 10.685528547078878
63 -130 10.585778050236517
64 -334 10.523123804155412
65 -128 10.484781525395176
66 -253 10.38818422666899
67 -124 10.404732677432987
68 -244 10.356162274563992
69 -126 10.14048585710344
70 -124 10.033868198757535
71 -230 9.81562616684296
72 -349 9.796304514696887
73 -375 9.555612746421042
74 -254 9.447548331202448
75 -136 9.338377743511945
76 -145 9.151946196207652
77 -31 9.057546609872812
78 -160 8.964646421514594
79 -266 8.923520969795632
80 -26 8.990762920589656
81 -264 8.966743892616218
82 -141 9.03203547871984
83 -137 9.091006371113393
84 -8 9.176317376298112
85 -263 9.176271762217846
86 -128 9.195692951614792
87 -359 9.329998396777057
88 -130 9.038630077908108
89 -236 9.02983457834513
90 -248 8.784258427681985
91 -248 8.776702316196355
92 -267 8.651008894732287
93 -165 8.688209549442783
94 -410 8.94289191325267
95 -183 9.188162756873083
96 -195 9.414271161840245
97 -196 9.758632359203991
98 -189 10.326634030919653
99 -182 10.97913408613539
100 -290 11.627524596434814
101 -174 12.347861055139306
102 -305 12.864976619456982
103 -175 13.103296519519091
104 -155 13.172764257864431
105 -263 13.176839343539706
106 -155 13.114155316854024
107 -154 13.014260211864391
108 -282 12.856323897062957
109 -273 12.632574871853665
110 -245 12.34983341113941
111 -127 12.324360060858893
112 -136 12.326132514693954
113 -139 12.27351876660749
114 -132 12.266750984841043
115 -239 12.36760410102638
116 -11 12.269926068303105
117 -132 12.108676546686763
118 -13 12.101102214198452
119 -141 11.9280796136942
120 -128 11.963761988344851
121 -10 11.674763727235842
122 -247 11.615922303529116
123 -7456 11.5176969896685
124 -5 11.432877796428937
125 -122 11.392794180441427
126 -121 11.385034025610388
127 -239 11.414695972675556
128 -316 11.423946970575923
129 -126 11.38499864228853
130 -257 11.292632929674975
131 -267 11.185599786263925
132 -137 11.129989713758558
133 -144 11.110764013754356
134 -383 11.029232374540678
135 -18 10.971892146854191
136 -260 10.950574452931935
137 -126 10.97456519381778
138 -136 10.912551500895121
139 -266 10.9922226570748
140 -228 10.955488207819942
141 -133 10.983850499173185
142 -253 10.842377896542782
143 -126 10.867783624727327
144 -237 10.823298558339223
145 -256 10.757689846409214
146 -243 10.760026247293741
147 -141 10.606652952887275
148 -142 10.56933563870114
149 -265 10.426716686130405
150 -150 10.44134146697051
151 -139 10.198420095491457
152 -144 10.227585866525247
153 -183 10.042519932633287
154 -245 10.016332672164962
155 -139 9.803993125338932
156 -47 9.671802018139813
157 -422 9.592514498694404
158 -308 9.646727049792254
159 -306 9.723493896327815
160 -291 9.908277297759795
161 -166 10.11011339164711
162 -299 10.262017966987374
163 -171 10.406574604389546
164 -295 10.705092530350786
165 -297 10.741918876961067
166 -301 10.838360593125627
167 -168 10.871394879586465
168 -201 10.811868940149102
169 -314 10.82745735256283
170 -11 10.899170756220698
171 -17 10.920683039797916
172 -20 10.85991708413736
173 -213 11.0759778084817
174 -133 11.161566893259684
175 -141 11.102882739421245
176 -220 11.310166393314397
177 -212 11.498322083069398
178 -213 11.620883429969275
179 -212 11.745887504325614
180 -343 11.849971737828222
181 -335 12.019101257438773
182 -218 12.112270537558738
183 -218 12.243295957853606
184 -228 12.333179887231287
185 -222 12.410290273221525
186 -216 12.490720017655596
187 -404 12.468151369371691
188 -98 12.55668914210689
189 -101 12.566255806205985
190 -104 12.496873339136561
191 -231 12.351340982171747
192 -228 12.408638116953012
193 -229 12.586821209561002
194 -229 12.903285051370645
195 -221 13.031870231017455
196 -222 13.133090823978275
197 -228 13.280494653665507
198 -222 13.428049583931466
199 -122 13.578215327945438
200 -242 13.575452104822412
201 -122 13.600401793394957
202 -108 13.731190890521258
203 -230 13.737436913155221
204 -420 13.7167016870386
205 -221 13.76397930561482
206 -130 13.695298454544327
207 -129 13.549401153434623
208 -265 13.586777187801815
209 -133 13.63176522717939
210 -135 13.520242675765976
211 -265 13.64466146616129
212 -282 13.520913037213239
213 -25 13.681264245354974
214 -138 13.839372190030607
215 -147 13.706389383272127
216 -258 13.936223329843822
217 -249 14.169149153464073
218 -257 14.18963961558299
219 -136 14.350372161712494
220 -137 14.24118987361232
221 -125 14.487999694602745
222 -9 14.560487438847234
223 -127 14.399955064088136
224 -132 14.545619371775034
225 -135 14.645394408309066
226 -143 14.609547563501307
227 -147 14.624660364977709
228 -143 14.541142200206494
229 -317 14.742554448865675
230 -143 14.765333424817335
231 -258 14.87719109299424
232 -270 14.739647934028694
233 -139 15.266683860106749
234 -126 15.296086420168033
235 -10 15.326842631663647
236 -126 15.269595629221445
237 -132 15.219743039395597
238 -126 15.41090496452721
239 -134 15.16658889113723
240 -122 15.100900602292967
241 -128 15.080843252462667
242 -231 14.992163582726404
243 -118 15.238669656060479
244 -3 15.078116576354185
245 -1 15.141662754215398
246 -249 14.84402437276907
247 -129 15.049893211196732
248 -127 14.86374996994828
249 -125 15.11241270949294
